5.718155,192.786432,0
5.456441,196.532056,0
6.190512,164.076618,0
5.975103,178.994915,0
5.272116,177.395947,0
6.173402,108.967568,0
6.088557,153.133899,0
5.342905,149.514935,0
5.621963,229.64242,0
5.785604,222.123457,0
5.804883,182.236649,0
6.069722,139.999571,0
6.069198,156.882094,0
5.642691,157.581829,0
6.024707,151.848612,0
5.575582,181.486182,0
5.525334,121.892623,0
5.951499,199.569028,0
5.503433,191.268486,0
6.235822,166.470012,0
5.744396,186.060335,0
5.753179,180.195095,0
5.811396,119.599677,0
5.753145,133.452631,0
5.754253,150.905139,0
5.790303,199.880412,0
5.855015,122.045428,0
6.122358,238.967058,0
5.891712,157.83903,0
5.351201,187.042276,0
5.838478,185.492614,0
6.080527,186.673919,0
5.430585,135.697349,0
5.758476,217.792742,0
6.054511,196.164084,0
5.84482,136.172822,0
5.708077,187.151469,0
5.760394,242.210216,0
5.836456,155.102107,0
5.333752,103.217686,0
6.527306,150.070252,0
5.994881,147.176685,0
6.037255,185.613607,0
5.686015,137.068521,0
5.203756,143.097582,0
5.096979,141.97863,0
5.985486,161.06667,0
6.055175,214.908111,0
6.15066,184.573538,0
6.080709,183.453863,0
6.119224,207.679641,0
6.047322,213.507473,0
5.794212,159.862808,0
6.052229,163.007354,0
5.903477,159.330053,0
6.401027,113.483984,0
6.528531,136.888994,0
6.562247,229.325521,0
6.096159,122.950999,0
5.614965,194.658639,0
4.876143,177.065025,0
6.158338,183.470922,0
5.611991,109.972106,0
6.062762,149.528888,0
5.240209,183.307597,0
5.866939,172.077463,0
5.710603,165.690957,0
5.51047,166.998412,0
5.35292,163.414319,0
5.771681,171.464089,0
5.717911,206.724213,0
5.286149,155.53705,0
6.785698,144.79319,0
5.856682,103.820729,0
5.625516,150.28477,0
6.120281,158.599344,0
5.70861,167.439412,0
5.682703,135.523319,0
5.317005,103.584063,0
5.896887,115.581109,0
5.82984,169.463173,0
5.956015,117.557292,0
5.85305,163.032038,0
5.679335,171.505303,0
6.058787,213.809057,0
5.869491,195.347149,0
5.668314,165.512205,0
5.713623,211.928227,0
6.436239,190.144252,0
6.053119,179.727281,0
5.529992,135.069082,0
5.880181,172.610013,0
5.313698,169.28166,0
5.495076,156.810617,0
5.814185,192.514545,0
5.480729,108.109245,0
5.9599,222.129485,0
5.998133,151.93309,0
6.255215,156.363161,0
6.267578,181.682998,0
5.690396,190.603333,0
5.958386,205.484309,0
5.497364,201.487426,0
6.157649,170.202595,0
5.610353,213.749381,0
5.84282,145.589639,0
5.526258,145.498474,0
6.155628,165.321391,0
6.072528,198.254539,0
5.916352,127.425993,0
5.66699,219.740387,0
6.362895,140.128302,0
6.410132,164.143004,0
5.786674,141.198073,0
5.104623,151.17527,0
5.099014,163.534046,0
5.421335,152.817956,0
5.773745,158.006772,0
6.115392,174.886726,0
5.298174,254.026906,0
5.854837,262.604398,0
6.283599,172.267557,0
6.369898,175.624701,0
6.36379,174.290793,0
5.922936,166.750483,0
5.176469,204.950978,0
5.434708,165.132469,0
6.508112,120.855362,0
6.070415,127.89544,0
6.317369,171.472216,0
6.153395,135.426964,0
5.977168,136.314922,0
6.402651,97.044467,0
6.039199,195.895061,0
5.497107,200.939709,0
5.90493,175.440887,0
5.614201,176.045545,0
5.705559,209.392007,0
6.123702,124.229593,0
5.526127,157.623485,0
5.325508,224.977922,0
5.838798,165.627009,0
5.447271,222.660667,0
5.494931,200.992962,0
6.323487,215.792935,0
5.901431,195.845243,0
6.358908,134.911159,0
5.439122,167.589808,0
5.872998,200.352231,0
5.570404,114.299866,0
5.618736,179.659883,0
5.62881,170.64033,0
6.123185,180.528389,0
5.377827,193.161748,0
6.309341,195.952995,0
5.291504,193.885891,0
5.96873,193.318706,0
5.856495,175.323111,0
5.738463,205.079746,0
5.565854,169.813019,0
6.010397,156.157472,0
5.212384,169.483984,0
5.226617,136.621884,0
5.83714,140.341574,0
5.536801,211.485822,0
5.553952,137.943649,0
5.250068,133.475693,0
6.085024,189.81695,0
6.18498,185.675207,0
5.391385,149.008394,0
6.296165,180.473251,0
6.18623,192.45206,0
5.664358,199.728331,0
6.041888,232.719434,0
5.45249,151.315203,0
5.819154,166.15525,0
5.962268,162.434734,0
5.682063,164.952242,0
5.595222,255.365051,0
5.514251,157.299537,0
5.646871,177.837561,0
5.576204,189.328285,0
5.751799,184.779819,0
6.075302,214.176683,0
5.866911,154.719101,0
5.443496,175.666087,0
6.09928,150.791477,0
6.122748,103.848864,0
6.392151,200.428167,0
5.843922,132.650874,0
5.922606,163.374962,0
6.646682,151.115793,0
5.665477,145.776674,0
5.732257,186.93287,0
5.990372,152.289053,0
5.380526,178.88941,0
5.963076,189.215109,0
5.796747,146.865171,0
5.634052,175.027737,0
6.051517,169.339126,0
6.034242,182.769349,0
5.877388,131.058314,0
5.540114,134.600649,0
5.91469,188.462328,0
5.303409,196.071529,0
5.613059,237.155533,0
6.045663,188.048567,0
6.095337,196.51405,0
5.288076,183.655473,0
5.897128,195.267727,0
5.924788,158.370325,0
5.950389,186.517557,0
5.932301,183.55888,0
5.973574,162.692178,0
6.018023,211.651695,0
5.274816,155.052916,0
6.016314,147.763897,0
5.866768,135.12814,0
6.103596,171.047973,0
5.929974,132.462879,0
6.356766,196.612575,0
5.52894,163.581233,0
5.479032,195.72646,0
5.950284,177.627873,0
5.906525,199.406577,0
6.204856,164.21314,0
6.064049,178.253667,0
5.352106,217.016572,0
5.344287,143.50049,0
5.734233,151.742957,0
6.169127,214.267802,0
6.469931,166.867215,0
5.975388,140.692384,0
5.90882,183.168591,0
5.428845,174.290039,0
6.030258,179.896241,0
5.229437,201.430579,0
5.452675,203.651587,0
6.360938,186.610623,0
6.063594,154.493873,0
5.701781,162.998856,0
6.108254,161.080396,0
5.185444,192.859015,0
6.352806,179.268786,0
5.450316,220.868607,0
5.803029,192.173537,0
5.786171,161.593678,0
5.388234,175.296551,0
6.216418,201.414651,0
6.100492,131.903052,0
5.241053,144.971182,0
5.49264,210.052346,0
5.488847,151.370306,0
5.332463,155.776945,0
5.74148,122.398704,0
5.818456,172.384344,0
6.283803,194.953341,0
5.591938,177.256744,0
5.870847,187.284925,0
5.499403,194.557675,0
5.78132,166.004041,0
5.274991,160.029711,0
6.141928,163.310462,0
5.393219,177.351605,0
5.546481,192.19011,0
6.184384,173.152023,0
5.742254,139.271555,0
5.466835,155.841594,0
5.759061,164.091492,0
5.258227,164.487572,0
5.287059,132.284483,0
5.648948,150.80999,0
5.722741,199.562299,0
5.913092,188.445539,0
6.1188,149.808579,0
6.484421,174.516731,0
5.265244,161.995711,0
5.625798,166.635547,0
5.569929,211.336607,0
6.224693,147.69118,0
5.688197,171.936151,0
5.525456,137.592205,0
5.721529,165.953565,0
5.650304,139.814583,0
5.759725,170.433136,0
5.702323,198.545137,0
5.681943,152.31895,0
5.829396,191.170583,0
5.134123,157.152039,0
5.673179,111.248866,0
6.097118,174.393081,0
5.75749,100.91919,0
4.940555,146.792672,0
5.495842,166.81069,0
6.474067,121.772609,0
5.415804,182.56601,0
5.57367,168.249537,0
5.85951,153.796152,0
5.619483,167.965623,0
6.035497,208.495836,0
5.365656,177.206881,0
5.60634,173.786562,0
5.758563,175.404325,0
5.702897,182.142196,0
5.370164,155.695554,0
5.879798,174.687128,0
5.94554,209.059785,0
6.007886,187.46106,0
5.691536,181.264752,0
5.663645,135.579236,0
5.976483,127.211733,0
5.8041,180.066206,0
5.659915,169.065037,0
5.835346,149.358673,0
5.73026,136.67006,0
5.916653,192.995972,0
6.460057,112.336573,0
6.331188,157.649012,0
5.349188,171.185462,0
6.394315,193.112999,0
5.744245,150.405016,0
6.174133,201.649946,0
5.862571,154.708541,0
5.610184,181.503566,0
5.326086,205.599641,0
5.482294,163.105326,0
5.690043,173.731229,0
5.924765,209.090877,0
5.562428,189.565916,0
5.993859,194.530489,0
6.249578,138.768663,0
6.24367,272.135285,0
6.080647,231.851293,0
5.402526,194.517116,0
6.151277,166.798383,0
6.4418,147.910545,0
6.444532,138.414766,0
6.357058,187.623299,0
5.72245,152.599005,0
5.982746,186.567887,0
6.091303,182.335748,0
6.306471,202.624122,0
5.767074,203.873651,0
5.868238,222.991639,0
5.310845,179.957801,0
5.575597,200.151789,0
5.800627,199.756523,0
5.912162,172.777218,0
5.420989,230.150754,0
5.726317,152.614942,0
6.100034,188.468761,0
5.598862,178.679112,0
5.830574,217.984141,0
6.206978,195.085867,0
5.191077,188.155351,0
5.582786,159.113174,0
5.397156,163.300888,0
5.480368,110.291936,0
6.095545,198.242939,0
5.840842,193.654727,0
6.164917,191.327086,0
5.742691,130.918087,0
5.862044,154.690218,0
5.694279,181.947256,0
5.124829,175.052231,0
6.15647,179.396146,0
6.22589,175.70337,0
5.695478,192.70949,0
5.725494,148.003005,0
5.521839,187.07889,0
5.748452,133.568158,0
6.480922,105.74812,0
6.826249,187.072779,0
5.82818,150.299384,0
5.562618,178.037942,0
5.843193,194.174374,0
5.505494,156.064538,0
5.704412,156.42771,0
5.678791,139.635582,0
5.78629,176.868614,0
6.252351,187.615273,0
6.240772,220.052046,0
6.177736,147.819993,0
5.908902,120.510811,0
5.66968,195.779209,0
5.900188,117.533348,0
5.667742,134.14806,0
5.88415,189.491532,0
6.286298,182.534364,0
5.894998,166.588637,0
5.952317,181.571471,0
5.809357,150.827017,0
6.040098,191.211709,0
5.931434,112.078752,0
5.986874,153.917843,0
5.738677,165.171214,0
6.262399,210.743052,0
5.966354,120.990254,0
5.516035,161.588983,0
5.598991,194.090243,0
6.167872,219.295825,0
6.418706,188.704202,0
5.615816,134.648227,0
6.165049,152.676107,0
5.854672,175.356304,0
5.856184,132.241508,0
5.614167,154.34124,0
5.765672,161.809755,0
6.441514,175.635021,0
5.693414,223.537594,0
5.135544,157.042416,0
5.840205,176.598264,0
5.809854,166.742714,0
5.802567,173.265533,0
6.095787,140.498108,0
5.826553,205.674698,0
5.605634,206.836582,0
5.773516,135.141924,0
6.347947,141.694594,0
5.010165,162.974362,0
5.88182,169.019269,0
5.567421,139.687057,0
6.162498,171.405814,0
6.333612,219.644966,0
5.923094,191.261139,0
5.758151,247.806174,0
6.052558,202.646102,0
6.165881,87.020361,0
6.000926,200.643032,0
5.356039,123.023134,0
5.769169,122.471362,0
5.604188,238.523468,0
6.576134,201.20891,0
5.939785,148.670779,0
6.036286,167.626825,0
5.490029,136.509428,0
5.527592,146.393303,0
5.893945,200.42966,0
5.665585,156.266093,0
5.229782,166.422791,0
6.343457,156.111045,0
5.955928,120.702635,0
6.107211,181.140039,0
6.252032,194.468094,0
5.7668,192.403857,0
6.062003,188.439465,0
5.638102,193.245573,0
6.077754,180.365456,0
5.616496,245.004691,0
5.931365,92.955011,0
6.064721,209.888812,0
5.475514,173.669992,0
5.918472,188.666594,0
6.032607,121.473272,0
5.016832,128.769399,0
5.641305,150.808374,0
5.628554,178.536883,0
5.913344,126.434601,0
5.519802,168.303367,0
6.073176,197.552883,0
5.553547,162.455857,0
5.287016,184.340125,0
5.865629,156.538451,0
5.731758,182.246298,0
5.595811,144.082805,0
6.242803,185.190802,0
5.804099,199.237534,0
5.294535,178.278128,0
5.535027,185.851858,0
5.820226,125.990172,0
6.06481,199.303559,0
6.030308,175.086475,0
6.225268,172.998317,0
5.979363,177.175912,0
6.204361,200.840127,0
5.38365,133.682772,0
5.535869,194.860303,0
5.606071,180.035265,0
5.72979,114.896995,0
5.626465,214.53466,0
5.8925,156.159321,0
5.438416,181.113602,0
5.572985,161.889355,0
5.206811,200.04438,0
6.003847,193.979208,0
5.632547,202.567281,0
6.022031,240.150061,0
6.308649,193.727461,0
5.39805,161.101627,0
5.554237,154.696334,0
5.796247,129.585187,0
5.784734,210.122309,0
6.440494,237.30955,0
5.701109,183.079443,0
6.544861,144.948322,0
6.00628,177.395573,0
5.991909,144.438463,0
6.497617,177.461626,0
5.224147,176.270195,0
6.235277,171.814111,0
5.125118,171.604354,0
5.70011,199.365281,0
5.8167,129.455595,0
5.853795,131.135925,0
5.656907,149.394133,0
5.576531,160.4214,0
5.671491,168.301602,0
5.373174,234.44924,0
5.529449,155.514814,0
5.085912,178.260726,0
5.458875,175.35001,0
5.459092,137.524778,0
5.645673,200.193256,0
6.239443,122.82423,0
5.755754,213.928426,0
6.04739,197.402401,0
5.878569,173.197058,0
6.416696,155.31857,0
5.916809,211.822237,0
5.739951,212.317176,0
5.252515,149.927419,0
5.938064,152.676584,0
5.694541,197.880544,0
5.686336,188.692912,0
5.737104,182.21797,0
5.711918,174.847569,0
5.813901,198.677483,0
6.345631,131.899439,0
5.250843,155.975392,0
5.940026,171.187748,0
5.671007,157.792657,0
6.138351,166.071367,0
5.75871,169.097159,0
5.755203,225.924961,0
5.564306,205.30011,0
5.481485,182.639303,0
5.882363,143.259416,0
6.0162,197.3091,0
5.215508,204.78765,0
5.209666,202.392606,0
5.461545,191.344864,0
5.588048,189.783126,0
5.870004,187.996826,0
5.846835,165.63187,0
6.497173,138.017176,0
5.816456,167.975169,0
5.755467,109.03296,0
4.97734,206.450199,0
6.028171,146.915372,0
5.349549,137.166413,0
5.876998,196.365858,0
5.788031,152.19638,0
5.396156,191.472611,0
5.940898,242.520038,0
5.590635,185.123646,0
6.135478,190.108943,0
5.551679,194.232698,0
5.509489,199.186102,0
5.796163,146.496621,0
5.519616,190.871187,0
5.693531,141.31732,0
5.878014,178.433763,0
5.780014,169.978913,0
5.355902,131.247177,0
5.677946,177.122845,0
5.700699,161.191771,0
5.971478,167.388622,0
6.345487,169.117076,0
5.391378,177.570719,0
5.450923,167.545914,0
6.193945,152.010758,0
5.956575,189.518818,0
5.787143,133.371899,0
5.369442,163.224282,0
5.960753,183.481897,0
6.168654,183.917501,0
5.925162,222.794315,0
5.996914,129.285613,0
5.915663,129.262087,0
6.006713,226.689735,0
5.909636,142.559575,0
5.834182,182.851949,0
6.432045,149.148932,0
6.2556,177.116633,0
5.38708,182.962803,0
5.46592,236.629015,0
6.114109,161.215108,0
5.440977,158.42127,0
5.226431,204.857796,0
5.691027,180.802577,0
5.365862,235.997924,0
5.693601,193.417282,0
5.866695,191.680966,0
5.767206,240.240331,0
5.887735,178.649476,0
6.250502,224.662799,0
5.655381,207.193897,0
6.061402,157.830296,0
6.249234,137.923017,0
5.860255,187.790821,0
5.615347,164.753434,0
5.536177,170.974726,0
6.196831,170.969902,0
5.605194,213.35137,0
5.81279,190.110762,0
5.767892,183.924171,0
5.262586,198.954413,0
6.022377,174.687441,0
5.888294,186.56155,0
6.342813,149.757479,0
5.972274,185.669593,0
5.905613,195.528501,0
5.743266,192.703563,0
6.104235,145.212344,0
5.646814,203.070629,0
5.163182,189.832185,0
5.501109,153.876684,0
5.534655,129.208384,0
5.597838,225.404236,0
6.024278,205.385981,0
5.38532,174.172906,0
5.704841,139.47667,0
5.680156,194.914948,0
5.889054,156.439187,0
5.448248,213.780342,0
5.451616,123.056916,0
6.022708,179.90109,0
6.275311,178.123419,0
5.749444,166.881965,0
5.642227,148.61035,0
5.838246,217.683726,0
5.723869,205.064587,0
5.821844,146.767651,0
5.527226,195.48354,0
5.968301,148.188669,0
5.777329,133.274806,0
5.61422,150.538198,0
5.670625,169.513966,0
5.658541,164.728735,0
5.24765,159.851157,0
5.47614,152.420688,0
6.08267,193.523612,0
5.97227,184.603664,0
6.164879,230.248204,0
6.416982,206.166511,0
6.215652,212.731472,0
6.050791,173.798629,0
5.804686,183.510311,0
5.955738,201.31731,0
5.840049,119.751964,0
5.666624,142.740686,0
5.175939,139.969525,0
5.447482,119.464656,0
5.719766,154.810282,0
5.591185,177.425764,0
5.649959,129.688338,0
5.374784,126.087858,0
6.15897,161.617171,0
5.945146,163.863311,0
5.569918,187.756957,0
5.891535,151.354207,0
5.759517,130.952553,0
5.607546,134.640585,0
5.592751,183.308146,0
5.949149,148.97474,0
5.712786,161.256693,0
5.980395,146.47687,0
5.904056,186.406477,0
5.591861,199.846251,0
5.678318,99.558063,0
5.305158,196.024951,0
5.80879,190.264286,0
6.068987,154.959552,0
6.778508,161.061932,0
5.288376,90.4248,0
5.494458,158.985071,0
6.280974,169.046657,0
5.831815,173.126478,0
5.482951,180.818739,0
6.010634,187.542525,0
5.190117,123.327716,0
6.125583,198.347998,0
5.046837,154.718163,0
5.568795,144.880412,0
5.681421,183.149562,0
5.660321,173.792447,0
6.594311,172.112796,0
5.530137,166.080478,0
5.845642,139.831297,0
5.367358,221.814282,0
5.701853,163.109285,0
5.277207,153.746596,0
5.420002,180.045004,0
4.860065,185.463677,0
5.800119,176.998037,0
5.756046,145.68883,0
6.138041,176.519788,0
5.846206,192.552703,0
5.88878,137.082076,0
6.234369,194.08805,0
5.817731,160.652573,0
6.040801,182.473662,0
6.43436,152.662892,0
5.328111,166.420637,0
5.864861,252.830552,0
5.877349,113.955387,0
6.228422,162.38663,0
5.565488,130.576405,0
6.020552,135.45322,0
5.498945,195.713071,0
5.128091,207.848542,0
5.793806,160.011652,0
5.514266,189.89579,0
5.057609,153.316664,0
5.659992,195.905404,0
5.647895,150.717543,0
5.606396,238.632736,0
5.921272,137.202384,0
5.414266,188.869228,0
5.606496,160.800292,0
5.664108,160.132055,0
5.921445,180.017958,0
6.102094,156.744901,0
5.870232,129.101223,0
5.776429,177.066938,0
5.934239,129.90651,0
5.991477,209.069985,0
5.6893,169.499101,0
5.675448,164.526549,0
5.767463,142.486044,0
5.593964,190.700904,0
5.361753,138.859538,0
5.305372,177.763827,0
6.147308,206.76895,0
5.678912,194.74679,0
5.570512,181.765474,0
5.408236,211.595074,0
5.904457,156.026655,0
5.678721,163.940345,0
5.934773,196.828435,0
5.948483,167.798813,0
6.134773,200.231032,0
6.366214,162.549733,0
4.74054,188.872031,0
5.897203,130.2689,0
5.586838,134.256198,0
5.791967,184.460054,0
5.647273,183.960188,0
5.849028,150.877817,0
5.944313,124.246661,0
6.212228,200.576592,0
5.808208,186.607234,0
5.67696,143.507937,0
6.38225,177.211115,0
6.148259,174.76495,0
5.924174,168.127997,0
5.644673,164.39663,0
5.184047,165.315261,0
5.660864,157.818316,0
5.855991,124.956107,0
6.137015,165.67055,0
5.487444,123.130169,0
5.170539,164.331003,0
5.894286,201.050253,0
5.603123,217.360298,0
5.549493,172.433728,0
5.584356,89.783045,0
6.38289,224.799452,0
6.13196,162.599574,0
5.46992,195.427688,0
6.208868,200.863237,0
5.660244,88.546269,0
6.055645,147.497018,0
6.148181,177.911256,0
5.577201,175.586701,0
6.078627,159.351196,0
5.975164,183.940407,0
5.976355,176.31672,0
5.987716,186.991703,0
5.6049,105.84391,0
5.908958,186.786476,0
5.201643,170.259171,0
5.211207,193.889357,0
5.27678,140.206057,0
5.513466,115.167736,0
5.764959,217.892048,0
5.667651,193.260031,0
6.054549,130.589361,0
5.625961,166.019112,0
6.211104,134.513912,0
5.717563,155.793876,0
6.383111,197.211433,0
5.223667,149.000615,0
5.648401,120.199212,0
6.297634,181.767778,0
5.962801,166.52572,0
6.165527,206.988613,0
5.414874,176.299976,0
6.710709,169.30684,0
6.05737,171.522775,0
5.3,142.047556,0
5.900372,181.542222,0
5.455116,140.008092,0
6.28431,222.893452,0
6.012102,191.298012,0
6.603938,179.528684,0
5.892809,156.523623,0
5.7767,181.9345,0
5.578404,140.600617,0
5.635424,199.079456,0
5.503612,201.949975,0
5.377073,216.322951,0
5.613656,155.152907,0
5.922136,149.955658,0
5.316521,192.630732,0
5.987784,123.544079,0
5.73217,147.4299,0
6.032303,174.957697,0
5.929514,163.0545,0
5.8987,135.319023,0
6.106816,171.078954,0
5.06768,174.713914,0
5.825666,161.163267,0
5.550479,148.25676,0
6.448276,156.412914,0
5.452932,138.724597,0
6.052629,161.441803,0
5.94603,144.806067,0
5.669638,173.704251,0
6.15201,176.768497,0
5.994638,195.219253,0
6.071959,169.523248,0
5.642269,188.133072,0
5.927384,127.843238,0
5.051451,135.593001,0
5.173992,198.931628,0
6.017442,142.312173,0
5.706533,132.823769,0
5.304,156.825073,0
5.488761,211.950651,0
5.809321,178.93799,0
6.083713,154.919533,0
6.291211,164.116598,0
6.178359,141.991188,0
6.023071,194.314333,0
6.343032,191.373341,0
5.860222,140.001777,0
5.940648,158.071089,0
5.989422,157.710699,0
6.52981,190.980758,0
5.093086,145.249189,0
5.46664,126.741886,0
6.127493,154.690334,0
6.353747,209.71629,0
6.664729,156.518432,0
5.896378,244.898297,0
6.138025,168.070928,0
5.517103,139.953861,0
5.240245,198.747988,0
5.440562,156.618862,0
5.537717,183.525114,0
5.314853,130.29293,0
5.79756,231.193282,0
6.128864,198.748955,0
5.827147,115.898663,0
6.01912,148.808363,0
5.74327,155.335139,0
5.519618,154.479493,0
5.568548,164.611054,0
6.036651,127.43562,0
6.142375,171.43893,0
5.677016,211.061198,0
5.801912,167.616727,0
5.408021,172.524354,0
5.763735,160.093227,0
5.354987,107.307201,0
6.058413,191.092976,0
6.354145,144.699196,0
6.256988,142.342242,0
6.048322,157.966089,0
5.84582,150.588659,0
5.601723,174.973169,0
5.438374,150.283993,0
5.643163,161.585766,0
5.935524,170.986286,0
5.339472,158.5029,0
5.241834,167.401207,0
5.903143,154.42789,0
6.290886,176.793396,0
5.869058,163.254473,0
5.69766,138.467116,0
5.832638,213.393893,0
5.716385,159.53933,0
6.057363,189.955035,0
5.97272,135.401621,0
5.313559,181.47548,0
6.320259,200.632726,0
5.763755,184.996461,0
5.429165,181.265272,0
5.690575,144.864926,0
5.391438,144.68045,0
5.64295,161.348011,0
6.040865,128.846998,0
6.498662,224.42918,0
5.95404,138.632224,0
5.645801,162.463939,0
5.333388,151.560665,0
5.876771,200.668326,0
6.011421,174.746631,0
5.774865,170.274613,0
5.798444,181.945023,0
5.616048,192.445925,0
5.649477,187.303232,0
6.1171,213.758694,0
6.568952,192.344194,0
5.710471,245.405846,0
5.356666,125.480783,0
5.572426,132.105554,0
5.851433,170.070813,0
5.690214,195.180679,0
5.878165,184.574508,0
6.359315,189.072068,0
6.249649,144.127896,0
5.674346,180.755986,0
5.254236,166.806827,0
5.79905,190.876723,0
5.590854,120.291088,0
5.025276,207.176677,0
5.425949,156.034883,0
5.738398,200.866771,0
5.493205,180.039269,0
6.079973,181.825117,0
6.113309,175.116445,0
5.488922,192.688863,0
5.983188,116.507697,0
6.187282,130.369635,0
5.941975,153.053859,0
5.873038,219.739648,0
5.491364,207.933128,0
5.60254,206.51113,0
5.338834,181.66719,0
5.284707,194.832255,0
5.921376,208.721809,0
5.547247,91.359138,0
6.362673,138.767838,0
5.665223,171.121073,0
6.240957,154.891263,0
5.295527,150.17696,0
5.261404,168.060113,0
5.805586,173.073467,0
5.314903,187.779514,0
6.424356,168.045661,0
5.450674,177.940364,0
5.390528,157.658464,0
5.955503,196.144459,0
5.863413,179.555659,0
5.291736,189.695668,0
5.790348,169.967803,0
6.25905,161.57529,0
5.931182,192.488904,0
5.679383,205.436505,0
5.711188,174.589683,0
6.109703,210.978727,0
6.026803,206.599478,0
5.657277,151.889981,0
5.461206,160.44791,0
5.497369,181.849022,0
5.510999,108.899691,0
5.778024,144.326576,0
5.094432,183.257629,0
6.067473,158.320375,0
5.979754,140.310047,0
5.746543,228.467222,0
5.721231,187.629148,0
5.496449,154.495131,0
5.27144,170.883434,0
5.801267,170.952763,0
5.68543,207.837958,0
5.557076,189.127324,0
5.819327,192.603107,0
5.81526,195.664407,0
5.937485,196.694114,0
5.797057,193.731666,0
5.153732,186.061362,0
5.801367,205.967438,0
6.629014,143.731121,0
6.072145,149.800556,0
5.856473,229.944922,0
5.897623,162.392617,0
5.538217,150.899096,0
5.864315,180.194608,0
5.464159,190.057148,0
5.314914,138.005261,0
5.855779,180.326517,0
5.948247,180.252896,0
5.912693,179.198419,0
5.951164,205.019147,0
5.931419,145.318346,0
6.407885,206.330913,0
5.573725,163.588113,0
5.859455,118.890508,0
6.138853,168.82532,0
5.194431,188.242232,0
5.928918,201.158581,0
6.394847,109.312043,0
6.033096,176.445185,0
5.769118,157.492685,0
5.739397,204.161844,0
5.984207,134.957212,0
5.481774,194.363779,0
5.200101,186.601877,0
6.492046,208.935297,0
5.895766,206.866973,0
5.674198,196.009904,0
5.372345,185.381803,0
5.546904,112.708861,0
5.767467,129.354703,0
6.126091,177.312133,0
5.391984,137.058844,0
5.770998,152.268555,0
5.657723,206.262558,0
5.138965,114.725652,0
5.378615,156.109685,0
5.877155,222.796427,0
5.942091,191.213182,0
6.32839,187.427575,0
5.756777,184.729446,0
5.673648,199.105866,0
5.679878,182.207976,0
6.125489,106.955046,0
6.417181,113.557724,0
5.415528,187.147175,0
6.005371,157.621815,0
5.717441,156.812522,0
5.694796,144.950639,0
5.620534,87.050894,0
5.964366,197.433284,0
5.740707,162.312831,0
5.66223,228.871633,0
5.903227,154.662888,0
5.876415,159.641998,0
5.488041,151.773446,0
5.516404,164.079058,0
6.081219,196.734533,0
4.929275,199.272561,0
5.848221,151.125245,0
6.157307,178.65288,0
5.703279,174.374498,0
5.921684,162.684083,0
5.743879,224.216027,0
5.990055,144.710027,0
6.110901,227.654296,0
5.490303,158.113434,0
5.752036,218.20905,0
5.926611,195.133361,0
5.476509,182.194541,0
5.733918,163.439281,0
6.110808,224.657599,0
5.809155,208.667811,0
6.265297,165.157717,0
5.763513,107.295193,0
6.052175,185.134325,0
5.968087,188.404591,0
5.168885,182.423477,0
5.143355,181.067629,0
6.129848,165.719016,0
6.042413,147.853606,0
5.344503,134.698443,0
5.433444,162.531463,0
5.3569,190.481044,0
5.959931,172.413051,0
5.73787,182.335648,0
5.976579,133.151835,0
5.806133,116.290213,0
5.962532,176.612483,0
5.795491,189.788548,0
5.789384,159.968391,0
5.355518,220.017832,0
5.610072,158.065664,0
5.561111,216.272852,0
5.410726,180.450135,0
5.907743,177.198877,0
5.617946,190.959687,0
5.282281,162.739901,0
6.0814,160.186334,0
6.214351,142.406645,0
5.64015,200.359669,0
5.937469,168.08369,0
5.447631,194.367306,0
5.695515,163.347222,0
5.790167,166.725675,0
6.11986,142.485901,0
6.160965,225.114944,0
5.211553,160.899195,0
5.581421,198.860515,0
6.104281,170.342236,0
5.483647,178.759537,0
6.155153,178.909841,0
5.671765,141.833021,0
5.805311,152.32857,0
5.251061,162.332808,0
6.020562,190.595161,0
5.475372,138.755092,0
5.921865,168.333934,0
5.507573,176.203819,0
5.713929,213.719516,0
5.590931,186.589108,0
6.061857,110.121354,0
5.944945,158.913695,0
6.096664,137.387493,0
5.406413,199.290951,0
5.804893,166.439251,0
5.508752,176.115024,0
6.088985,217.664701,0
5.306161,152.223165,0
6.210654,162.015644,0
5.345652,158.16237,0
5.770521,229.513367,0
5.840065,186.644982,0
4.713411,169.592931,0
5.690208,181.944352,0
5.988784,171.875761,0
6.076345,171.495689,0
4.95691,148.42623,0
5.296047,162.665252,0
5.893039,217.808505,0
5.896558,191.102185,0
6.04522,147.59941,0
5.417845,159.613444,0
5.67899,181.739526,0
5.607734,147.704333,0
5.920848,193.262855,0
5.926514,217.461382,0
5.984943,132.46177,0
5.998632,177.331285,0
5.966465,228.694295,0
5.535519,191.6124,0
6.272781,173.972721,0
5.558876,130.146613,0
5.86837,174.769909,0
6.164179,158.668909,0
6.137471,147.015238,0
6.209949,168.734927,0
6.207379,152.812115,0
5.716521,186.608207,0
5.885117,211.422862,0
6.266089,182.669376,0
5.862514,192.110275,0
5.015432,163.710278,0
5.623637,154.989457,0
5.818089,190.187677,0
5.378047,146.971787,0
5.67623,164.13444,0
5.804969,164.525338,0
6.168452,180.929238,0
5.444055,117.114027,0
5.655947,121.341448,0
5.955407,203.441315,0
5.669299,188.069719,0
5.655325,177.893059,0
5.601209,110.374895,0
5.828757,196.984646,0
5.349329,183.221981,0
6.046886,198.652325,0
6.115683,174.738685,0
5.498403,158.431998,0
5.600247,172.94842,0
5.807242,112.579508,0
6.058183,207.155226,0
5.584389,150.031837,0
5.936965,155.154239,0
6.417652,211.780477,0
5.967411,192.120586,0
5.859615,171.996036,0
6.248135,198.263256,0
6.133831,149.01797,0
5.585649,151.870874,0
5.135638,194.291978,0
5.604211,214.756725,0
5.607102,132.208208,0
5.369582,183.633993,0
5.581849,172.532789,0
6.204581,129.551912,0
5.77489,211.344984,0
6.200614,152.561226,0
5.282357,150.410023,0
6.328581,183.942884,0
6.101218,146.46854,0
5.790753,180.594785,0
5.794889,165.396636,0
6.110864,175.567424,0
5.418771,137.586685,0
5.914351,213.364627,0
6.359886,168.668732,0
5.82697,162.233816,0
6.093143,161.505145,0
5.94719,207.328705,0
5.870941,194.132923,0
5.14608,216.797054,0
6.01627,130.794903,0
5.200841,165.044296,0
5.77201,178.837416,0
5.601853,167.039194,0
5.607066,176.455016,0
5.555622,171.058568,0
5.989762,147.554466,0
6.438793,185.02406,0
5.688053,189.438951,0
5.994022,147.909142,0
5.974249,182.424886,0
5.851273,143.432165,0
5.60062,191.695063,0
6.305184,197.928695,0
5.551014,196.333993,0
5.929973,228.844872,0
5.650354,155.494122,0
5.922515,228.868391,0
5.915163,127.553539,0
6.002722,128.31209,0
6.006239,211.273575,0
5.498429,155.859957,0
5.730349,145.286005,0
5.334765,199.404359,0
6.087915,181.029795,0
5.757119,104.564675,0
5.547508,180.07488,0
5.855448,151.863982,0
5.373488,191.348585,0
6.196891,133.523862,0
5.335255,170.833969,0
5.436264,220.304958,0
6.202063,192.641595,0
5.596015,151.634968,0
5.910295,192.656583,0
5.661569,151.999566,0
5.478353,199.80892,0
5.744485,163.63552,0
5.732562,201.522669,0
6.0167,205.852378,0
5.675123,184.830967,0
6.162094,183.695254,0
5.249521,167.099727,0
5.96672,173.663023,0
5.188117,204.340163,0
5.479087,197.669875,0
5.936158,147.592249,0
5.54531,196.589499,0
5.884919,198.270424,0
5.549631,194.469681,0
5.443025,217.104829,0
5.017195,168.746192,0
5.924277,150.64047,0
5.65537,168.564927,0
5.196067,137.196927,0
5.753113,171.715293,0
5.927806,101.313782,0
5.621569,182.095785,0
5.398445,236.84519,0
6.179984,199.79832,0
5.91762,157.628061,0
5.808082,155.919425,0
5.936239,146.331062,0
5.793626,183.894188,0
5.68328,160.473481,0
5.533168,217.283343,0
6.543991,201.18625,0
5.688583,128.637298,0
5.667261,198.407905,0
5.898047,191.266395,0
6.17137,161.628125,0
6.287011,155.653295,0
5.908494,146.298718,0
5.917881,160.959876,0
5.874211,162.525616,0
6.180599,233.754127,0
5.657819,171.444232,0
5.334865,164.554299,0
5.813918,147.764578,0
5.906495,186.702872,0
5.550856,175.586519,0
5.974541,156.153293,0
5.81296,161.143692,0
5.726339,170.062605,0
5.678595,160.917409,0
5.779074,147.094496,0
5.939441,168.038274,0
5.910754,196.149398,0
6.355458,106.104568,0
5.997228,231.948573,0
6.458562,145.816134,0
6.017845,242.697829,0
5.840377,125.103848,0
5.755804,113.104702,0
5.774974,179.304748,0
5.805474,230.342666,0
6.009081,118.523135,0
6.315591,181.584674,0
5.801718,132.282041,0
5.915308,152.022351,0
5.936564,196.930992,0
5.413036,212.523853,0
5.881244,153.350739,0
5.445689,191.972657,0
5.938392,150.633688,0
5.962292,180.192948,0
5.910871,165.475326,0
5.056033,116.277361,0
4.998572,158.70728,0
5.66645,147.611981,0
5.272656,266.245086,0
6.132404,173.056319,0
5.484097,195.479935,0
5.538271,167.1639,0
6.340372,177.932724,0
5.460967,184.91969,0
5.798454,124.201824,0
5.977939,112.451862,0
5.775516,157.948402,0
6.054517,150.539935,0
5.937445,160.070752,0
5.713278,154.488162,0
5.681996,166.701454,0
6.297578,213.942785,0
5.764664,200.467212,0
5.646172,174.361817,0
5.949526,184.852919,0
5.724234,136.710662,0
6.329871,168.58989,0
5.773706,190.512868,0
5.518113,164.918612,0
5.378017,186.398628,0
5.775589,172.856758,0
6.455042,167.175691,0
6.036305,134.475413,0
5.985377,201.550316,0
5.392238,189.617451,0
5.727864,162.683987,0
5.857542,143.900005,0
5.879316,167.301096,0
5.633247,172.826166,0
5.381221,204.65216,0
5.794414,212.547984,0
5.76805,217.522511,0
6.288921,181.310618,0
5.762483,210.895287,0
5.695231,192.811979,0
6.094011,153.136149,0
5.172257,184.839378,0
6.070037,134.428685,0
5.536328,126.63498,0
5.814623,187.387007,0
6.125954,182.461271,0
5.156878,184.032323,0
5.576991,131.731841,0
5.827543,173.06564,0
6.118578,138.72527,0
5.690216,185.696558,0
6.157288,192.108555,0
5.354478,197.63655,0
5.829656,146.550112,0
5.822076,154.376438,0
5.329584,190.941188,0
6.263084,124.259132,0
5.754692,165.797013,0
5.740979,201.26324,0
5.85612,142.22186,0
5.648894,219.636893,0
5.771789,183.665151,0
6.266743,168.784299,0
5.594167,158.569274,0
5.431968,207.982789,0
5.263272,129.055742,0
5.412236,170.910882,0
6.08901,203.881529,0
5.85887,207.709868,0
6.062232,205.252252,0
5.840338,152.088051,0
5.604318,160.814508,0
5.23378,216.566304,0
6.517465,207.385629,0
5.993033,198.018671,0
5.888379,171.899446,0
5.664331,180.671085,0
6.038003,189.087795,0
6.205789,215.191167,0
5.864468,196.576834,0
5.646756,174.860918,0
6.077193,157.962381,0
5.710504,188.075408,0
5.299358,182.745753,0
5.932771,166.044137,0
5.444188,136.064086,0
5.245234,179.131164,0
5.995236,141.938226,0
5.586481,224.757751,0
5.902887,134.555879,0
5.81926,166.819305,0
5.529016,182.967919,0
6.207561,154.546824,0
6.111292,190.827052,0
5.606195,190.662958,0
5.185648,154.440449,0
6.045637,187.296091,0
5.298553,120.831159,0
5.768114,173.235131,0
5.19961,177.63331,0
5.921204,165.825371,0
5.650333,130.708137,0
5.736438,206.060135,0
5.783312,149.616967,0
6.054775,146.196182,0
5.927094,213.139844,0
4.828,171.186672,0
6.232085,178.549438,0
5.897009,149.891589,0
5.650933,145.263438,0
5.850023,160.799932,0
5.427368,211.459672,0
6.451931,202.791192,0
6.193034,202.660112,0
5.354005,201.780154,0
5.580325,178.965241,0
5.902017,158.180711,0
5.744349,179.460303,0
5.498159,148.926759,0
6.373062,147.356999,0
5.63255,206.04501,0
5.408019,172.879532,0
5.84424,187.217268,0
5.908412,111.162102,0
5.477132,181.798077,0
5.927785,212.710459,0
6.242034,135.037314,0
5.869609,178.944972,0
5.657924,127.912728,0
5.348583,217.796752,0
5.296577,142.357741,0
6.255647,156.256352,0
5.823487,174.045497,0
6.098488,220.495744,0
6.198532,134.792352,0
5.901876,170.725671,0
5.816559,88.422565,0
5.7071,191.011399,0
6.420065,213.507371,0
5.539976,159.188757,0
5.835355,137.498352,0
6.082511,225.168132,0
5.848443,188.393501,0
5.526571,151.110566,0
5.903907,175.569007,0
5.632961,171.417376,0
6.146851,178.892631,0
6.172703,178.947307,0
6.33344,200.389794,0
5.309153,131.42832,0
5.641271,163.868982,0
6.063412,112.925255,0
6.128057,177.972202,0
6.068132,161.876064,0
5.732635,129.929254,0
6.444626,177.281903,0
5.408877,207.5558,0
5.555376,183.859784,0
5.846898,185.730276,0
5.587221,150.965336,0
6.401451,183.047195,0
5.883667,168.784977,0
5.437037,155.417894,0
5.263248,130.354438,0
5.58588,156.193626,0
6.210443,237.713116,0
5.650318,174.796021,0
6.080198,155.182883,0
6.114102,154.385532,0
5.773498,214.225718,0
5.930131,206.362479,0
5.563388,184.591744,0
6.006058,173.239379,0
5.269302,136.372696,0
5.382646,167.945871,0
5.600132,185.391873,0
5.960683,192.822761,0
6.089843,173.369037,0
5.94846,203.089767,0
5.892769,217.392885,0
6.317862,179.477122,0
5.206696,149.752286,0
6.037223,195.875288,0
6.021128,171.00964,0
6.070136,228.411061,0
5.859632,173.516646,0
5.433399,153.425096,0
5.455488,188.392179,0
5.718952,147.462824,0
5.871816,150.936736,0
5.570306,205.578623,0
5.977587,187.758649,0
5.808662,161.240444,0
6.063466,152.904169,0
5.857318,134.449368,0
5.329032,186.035927,0
5.547953,178.371643,0
5.655848,181.784679,0
6.120543,173.263528,0
5.517943,204.988076,0
5.794675,136.182687,0
5.262355,205.818665,0
6.043747,186.049686,0
5.734535,176.026643,0
5.937744,158.388321,0
6.258597,162.700601,0
5.539755,173.882759,0
5.841809,208.557604,0
6.077257,180.587313,0
4.838853,177.208383,0
5.438772,182.416775,0
5.951265,143.569711,0
5.741219,224.81469,0
5.402845,159.035224,0
6.061559,213.316266,0
5.325404,192.417839,0
6.272683,166.738304,0
6.057409,191.397917,0
5.707611,205.54851,0
5.517313,208.494293,0
5.746648,180.629495,0
6.109879,148.486097,0
5.331624,216.157325,0
5.661542,185.835725,0
6.04579,193.104071,0
5.697975,160.681132,0
6.482336,153.634621,0
5.782956,193.247175,0
5.265246,157.69019,0
5.569482,182.012073,0
5.364605,168.400483,0
5.667637,173.323014,0
5.418658,218.934948,0
6.022036,176.570458,0
5.298862,172.886534,0
6.317194,192.127703,0
5.707284,151.43699,0
5.926159,137.046674,0
6.533391,143.626856,0
5.248865,119.101579,0
6.648574,189.913263,0
6.353899,117.871414,0
5.205207,164.23855,0
6.057744,170.601524,0
6.047847,172.445796,0
5.646707,109.148056,0
5.833256,140.757043,0
5.991954,180.181089,0
6.192051,188.15717,0
5.942646,147.850489,0
6.103114,197.678757,0
5.607756,180.198643,0
6.310635,192.02493,0
6.52415,187.784246,0
5.870216,211.013854,0
5.603048,222.029011,0
5.584259,136.766664,0
6.346534,176.43665,0
5.491121,112.897506,0
5.802251,145.82146,0
5.848868,120.961237,0
5.840453,192.595749,0
6.157684,209.338963,0
6.062583,186.857419,0
6.072416,178.462523,0
5.003154,187.825319,0
6.287969,186.976301,0
4.753007,171.075796,0
5.57927,123.315676,0
6.361415,151.327749,0
5.222,169.665697,0
5.716781,166.385696,0
5.666163,162.090544,0
6.108271,159.518138,0
6.179046,171.715466,0
5.549567,167.574991,0
6.330338,151.470524,0
6.337604,214.543636,0
6.801637,192.227492,0
6.260061,182.586253,0
6.019466,188.96925,0
6.296402,150.31285,0
4.923737,198.228883,0
5.59498,212.716897,0
5.774005,142.91138,0
5.749901,200.960509,0
5.579544,217.450295,0
5.661476,192.484906,0
6.081176,172.972666,0
5.404197,195.923543,0
5.598167,182.263971,0
5.632569,153.444864,0
6.3182,129.355896,0
5.798922,161.172238,0
5.934173,167.608438,0
5.587839,115.526142,0
5.468262,224.884648,0
6.007166,170.391607,0
5.877681,200.555229,0
5.842391,165.752958,0
6.357605,199.060689,0
5.987786,177.882455,0
5.602786,186.668092,0
6.085931,180.089596,0
5.716823,162.968207,0
5.532476,156.479204,0
5.615589,197.37662,0
5.787492,136.059616,0
6.170103,205.554264,0
5.237951,203.137487,0
5.760887,161.542922,0
5.778277,176.539711,0
5.948769,167.96729,0
6.142844,196.491693,0
5.840017,129.522764,0
5.914583,177.859167,0
5.547603,219.068102,0
6.094158,178.19915,0
6.122126,206.694266,0
6.524478,176.380841,0
5.586574,139.364065,0
5.896884,206.729263,0
6.209019,136.695296,0
5.704636,164.730304,0
5.412983,176.319554,0
5.851958,205.417895,0
6.144638,136.738472,0
5.658678,200.296019,0
5.25871,197.298694,0
6.234728,160.825257,0
5.648029,164.962523,0
5.683745,196.670491,0
5.735288,198.704823,0
5.975296,152.453825,0
5.844351,182.80073,0
6.192799,162.357257,0
5.46212,90.710145,0
6.005989,159.073132,0
6.049559,99.714924,0
5.675705,183.872293,0
5.411536,192.685461,0
5.673529,187.866285,0
5.377476,129.66021,0
5.956591,174.869823,0
5.517308,186.485494,0
5.956177,177.265694,0
5.824849,91.281976,0
5.989102,176.568734,0
5.727139,253.883955,0
5.914055,178.118261,0
5.770017,206.897609,0
6.003286,158.687338,0
5.745938,146.423102,0
5.145234,151.377013,0
5.854476,173.261641,0
5.863815,163.741991,0
5.511969,142.421515,0
5.759786,140.623214,0
5.674974,151.18098,0
5.687773,138.045779,0
5.927858,142.522552,0
5.764676,176.729587,0
5.235431,172.261829,0
5.877716,176.156337,0
5.00324,141.863537,0
5.179062,200.869335,0
5.799623,137.672752,0
5.41526,169.583399,0
6.437982,147.109425,0
5.872207,178.575021,0
6.045788,121.273331,0
5.780471,147.375994,0
5.824019,137.852426,0
5.192379,175.682228,0
5.73358,141.83027,0
5.584037,152.844868,0
5.632126,120.293069,0
5.912787,198.487055,0
5.802267,209.199745,0
5.971323,190.424135,0
5.709051,222.010268,0
5.559806,198.886243,0
5.585287,145.919747,0
5.507976,172.098483,0
6.231082,198.277927,0
5.616468,135.821604,0
5.622852,154.970097,0
6.000554,162.24963,0
5.803006,129.749143,0
5.400947,195.001743,0
5.712556,142.901311,0
5.689594,183.090809,0
5.59814,197.290292,0
6.239943,194.016508,0
5.808332,190.088095,0
6.027407,183.962818,0
5.90496,120.061056,0
5.194448,146.525481,0
5.818536,143.711872,0
5.856269,189.758205,0
5.726158,152.807149,0
5.546722,159.540072,0
5.548577,191.699334,0
5.31667,168.082404,0
6.009405,183.353081,0
5.98395,134.052788,0
5.696982,178.046505,0
5.445687,205.117502,0
5.766501,164.900478,0
6.108054,167.939955,0
5.627478,142.38445,0
5.328898,160.620698,0
5.937905,211.788303,0
5.778338,143.049106,0
6.40615,173.067292,0
5.497667,229.014237,0
5.711822,142.023448,0
5.790249,163.604513,0
5.868498,104.309964,0
5.567848,164.846346,0
5.846971,132.700456,0
5.636126,174.611748,0
5.785519,206.488242,0
5.773062,150.694563,0
5.85525,168.215933,0
5.572514,153.530776,0
5.716317,164.467472,0
5.709718,184.737262,0
5.954713,145.723555,0
5.101093,158.171799,0
5.837536,152.692515,0
5.466985,127.683422,0
6.223327,201.059411,0
5.636899,191.321375,0
6.245075,153.907728,0
5.916524,205.451737,0
5.978267,172.681014,0
6.424553,152.194553,0
5.716788,169.99452,0
6.060728,195.013859,0
6.052297,115.136335,0
6.118753,193.579633,0
6.046828,155.136079,0
5.695702,205.021803,0
5.994919,169.560281,0
5.418233,145.92133,0
6.066586,143.339615,0
5.863649,187.142071,0
5.327173,113.869014,0
5.858466,197.204318,0
5.572025,194.871987,0
6.122007,163.668477,0
6.483566,117.793242,0
5.036292,153.691534,0
6.130209,165.010985,0
5.624456,139.362943,0
6.060678,198.354229,0
6.525461,188.517532,0
5.360095,186.394543,0
5.689494,188.097221,0
6.453224,168.582356,0
5.862593,167.142512,0
5.576124,166.636431,0
5.601094,174.620436,0
5.474556,117.822422,0
5.770509,155.478085,0
6.320141,197.251567,0
6.063423,155.724023,0
5.759921,199.749039,0
6.160019,172.192491,0
5.626832,215.489931,0
6.277248,121.620497,0
5.65809,145.017915,0
5.829897,127.27722,0
5.789482,189.377633,0
5.475605,183.241091,0
5.599457,167.600558,0
5.935288,174.059615,0
6.02261,178.42037,0
5.33955,183.855728,0
5.896337,160.508357,0
5.572971,177.112827,0
5.459784,198.070226,0
6.236267,167.017383,0
6.039171,178.735409,0
5.458982,150.355932,0
5.989356,208.094288,0
6.002304,172.055237,0
6.14074,168.53943,0
5.78613,154.538803,0
5.748954,198.901189,0
6.173716,152.851187,0
5.842385,173.802305,0
5.551347,165.609407,0
5.528797,179.946212,0
5.760779,149.395562,0
6.023325,163.328597,0
5.870498,193.56949,0
5.911494,182.755324,0
5.494393,174.819111,0
6.149461,169.438672,0
6.418807,210.624556,0
6.064723,213.052681,0
5.9082,160.03342,0
5.812869,226.784918,0
6.32516,108.307229,0
5.664363,151.286795,0
5.735506,158.468875,0
5.732032,100.267773,0
5.570548,179.763808,0
5.459329,128.621409,0
5.876903,189.06997,0
5.258813,168.211191,0
5.402044,126.099452,0
5.216495,148.022917,0
6.1161,158.224437,0
6.219194,151.66986,0
5.526818,157.746253,0
5.57482,143.150043,0
5.398619,140.163049,0
5.883758,192.291841,0
6.457543,148.791107,0
6.008637,122.724663,0
5.81691,167.156684,0
5.824663,129.601073,0
5.682801,177.899817,0
6.051762,186.394277,0
5.594949,123.800374,0
5.532927,180.998006,0
5.633363,158.634101,0
5.965624,183.681566,0
5.794296,149.115815,0
6.221249,140.999908,0
6.526433,216.03698,0
5.561113,131.075952,0
6.284354,182.842999,0
5.239853,158.730011,0
5.919477,220.775018,0
5.88286,173.978863,0
5.164701,164.163367,0
6.042678,130.073514,0
5.410052,164.827494,0
5.937207,220.267195,0
6.183024,189.041217,0
5.637074,167.772647,0
6.409992,175.626518,0
6.010341,161.501793,0
6.193896,195.378515,0
5.220015,159.855413,0
5.941488,140.067491,0
5.59048,147.015893,0
5.997269,169.522468,0
5.600338,192.742078,0
6.261725,159.166855,0
5.812396,199.235705,0
5.87279,148.7042,0
5.857583,152.159694,0
5.525201,163.099108,0
6.052057,201.602454,0
5.893528,144.658889,0
5.934263,189.895015,0
5.410282,210.474926,0
5.758515,193.080053,0
5.823191,118.19628,0
5.252311,173.419708,0
5.680546,136.344211,0
6.367615,209.594411,0
6.114081,167.697484,0
5.77981,146.233178,0
5.469052,198.229295,0
4.801064,128.168498,0
5.252577,162.423277,0
6.008109,183.249564,0
5.927394,171.041657,0
6.351964,152.673094,0
5.597814,188.455316,0
5.603932,166.04646,0
5.630309,145.943269,0
5.642575,221.780142,0
5.632203,157.113282,0
5.589276,176.096582,0
5.822309,204.540256,0
6.057276,145.103602,0
5.709897,210.157206,0
5.869765,202.315315,0
5.769144,146.602438,0
5.609316,147.642362,0
6.199036,205.28502,0
6.247161,177.679647,0
6.303689,156.181121,0
6.01142,165.657712,0
5.644543,172.416786,0
5.45402,149.88718,0
5.237362,164.133016,0
5.872414,155.990569,0
5.761195,200.418025,0
5.856624,186.692481,0
5.558213,115.814546,0
5.390103,224.52918,0
5.594182,186.253087,0
5.982085,156.941382,0
5.797825,185.959568,0
5.581556,193.684004,0
5.729885,173.298843,0
5.037402,267.781165,0
6.063461,174.803859,0
5.988644,133.539687,0
5.419053,184.803598,0
5.095632,213.746034,0
6.03597,124.856568,0
5.575154,137.933997,0
5.385949,140.127295,0
5.370965,173.179892,0
5.901751,175.913906,0
6.069358,181.170681,0
6.131451,188.99232,0
5.84005,206.841481,0
5.80247,177.590171,0
6.049656,149.966819,0
5.483521,224.237706,0
6.163642,149.121285,0
5.975159,179.285452,0
5.321937,187.565728,0
6.09376,194.208878,0
6.065602,169.210929,0
5.534618,132.570535,0
5.952504,223.494634,0
5.577149,132.171993,0
5.905371,138.749607,0
5.953414,147.51727,0
5.995632,148.192394,0
5.617857,153.764488,0
5.531153,219.649216,0
6.328307,182.02699,0
5.708742,215.175302,0
6.448886,125.629896,0
6.053274,155.050238,0
5.399593,124.267043,0
5.310416,191.040507,0
5.880328,178.299447,0
5.631948,195.532209,0
5.531613,206.634223,0
4.850601,158.656909,0
6.083282,176.394374,0
5.699872,165.578221,0
5.368386,196.376709,0
5.807214,165.468631,0
5.815949,213.451331,0
5.537509,156.954788,0
5.674451,216.633002,0
5.991768,199.14719,0
5.843043,128.078037,0
6.280262,200.492379,0
5.92189,161.425231,0
6.064466,169.228056,0
5.99603,204.688738,0
5.868717,181.878128,0
5.971149,169.982118,0
5.116545,172.655858,0
5.721698,240.005843,0
5.727141,151.306822,0
5.732662,196.984044,0
5.122216,181.428322,0
5.930998,191.271013,0
6.118262,230.228283,0
5.914925,159.076585,0
5.965367,165.348246,0
5.816727,177.434426,0
6.530248,135.179626,0
5.704655,190.539618,0
5.021289,189.711635,0
5.553062,208.556942,0
6.206391,201.689676,0
5.838168,172.093022,0
6.019381,119.795811,0
5.240416,206.605263,0
6.3302,143.894615,0
5.736306,124.496742,0
5.630954,194.332092,0
5.463326,182.926026,0
5.905142,168.95891,0
6.120225,142.77342,0
5.467426,206.372746,0
5.094649,157.003371,0
5.973803,180.177233,0
5.998506,197.624006,0
6.150823,185.153521,0
6.569985,188.713384,0
5.654937,143.980568,0
6.264832,209.636531,0
5.208429,145.044935,0
5.999859,189.92934,0
5.923347,162.972439,0
6.170772,119.288964,0
5.460893,109.470693,1
5.652141,156.852331,1
5.614058,153.621624,1
5.017732,137.390001,1
5.510808,136.038134,1
5.116275,112.762632,1
5.203239,123.027394,1
5.60353,151.044144,1
5.26426,121.781589,1
5.139465,153.515363,1
5.200424,160.978815,1
5.183976,130.177653,1
5.433644,97.084581,1
5.675819,172.825934,1
5.584347,142.907758,1
5.745089,127.087747,1
5.604801,138.325785,1
5.087031,116.537134,1
5.380667,107.746197,1
5.753502,163.376996,1
5.377818,147.7568,1
5.872688,104.029486,1
5.493187,107.610248,1
6.178507,98.677249,1
5.804773,177.703691,1
5.478543,158.502169,1
5.473265,180.648419,1
5.58073,165.236803,1
5.293154,160.096816,1
5.517045,131.553791,1
4.622224,122.048352,1
5.042385,117.899784,1
5.701688,142.56078,1
5.259404,128.940067,1
5.802642,196.158518,1
5.429982,114.942357,1
5.402685,146.315893,1
5.263528,111.601633,1
5.114724,83.038219,1
5.063359,123.730493,1
5.772953,114.408938,1
4.928521,117.080562,1
5.411963,188.970452,1
5.617005,145.356002,1
5.354217,151.864778,1
5.580365,116.861588,1
5.00048,116.17505,1
5.22496,126.788156,1
5.612358,37.650357,1
5.865594,167.7463,1
5.122891,154.144551,1
5.417424,126.690776,1
5.713184,135.622263,1
5.609193,153.599788,1
5.142547,111.396516,1
5.745115,139.032223,1
5.803501,107.869859,1
5.393791,152.644006,1
5.293174,137.034123,1
5.939008,129.456657,1
5.716687,179.401845,1
5.440051,161.824314,1
4.570089,178.629101,1
5.45923,114.049274,1
5.417229,192.570454,1
5.074388,95.456296,1
5.081797,122.096105,1
5.187576,124.259964,1
4.896722,160.039791,1
5.179176,171.112685,1
5.857798,113.644523,1
5.114722,151.755922,1
5.667886,165.987695,1
5.607459,191.689308,1
5.330773,137.55883,1
5.932498,135.345867,1
5.659149,155.311239,1
5.406188,197.740787,1
5.210568,196.496377,1
5.755279,109.092955,1
5.216448,152.011841,1
5.716663,122.270909,1
5.476117,219.932339,1
5.272939,126.433975,1
5.194944,143.148414,1
5.922403,177.504243,1
5.368877,150.315691,1
4.920238,149.276479,1
5.758108,110.010419,1
5.419429,90.621082,1
5.208531,204.270186,1
5.28047,159.720398,1
5.361788,197.603017,1
5.467336,201.538148,1
5.163548,193.254831,1
5.151327,165.512296,1
5.090506,199.980272,1
5.036497,127.933368,1
5.986732,81.669997,1
5.776304,127.346672,1
5.223405,126.892347,1
5.383501,159.192868,1
5.162316,106.215798,1
5.701382,128.918419,1
5.478983,154.303198,1
5.449954,157.711622,1
5.105907,166.453746,1
5.60011,179.676381,1
5.348997,169.935956,1
5.617293,211.136329,1
5.452196,130.586672,1
5.676767,157.355357,1
5.073903,134.471328,1
5.575283,107.081212,1
5.214161,142.353338,1
5.809327,151.590435,1
5.509949,191.179684,1
5.053379,146.135427,1
5.536758,181.400319,1
5.435568,122.163817,1
5.701148,146.208713,1
5.297724,119.831691,1
5.398319,157.976839,1
5.511008,183.043804,1
5.122647,109.193089,1
5.38307,136.624043,1
4.796511,122.607547,1
5.45376,158.950736,1
5.357443,206.603283,1
5.334894,158.146689,1
5.469351,135.970564,1
5.259448,123.820819,1
5.01538,154.340807,1
5.264569,175.589181,1
5.759713,145.400077,1
5.6057,138.100659,1
5.01678,98.133075,1
5.485433,140.564345,1
5.015875,94.149504,1
5.273547,127.269141,1
5.841973,88.499813,1
5.371233,176.689816,1
5.389076,182.35675,1
5.398062,165.164824,1
5.938187,184.120892,1
5.731807,129.585714,1
5.542957,169.375285,1
5.553296,103.814299,1
5.636774,81.568376,1
5.523142,141.493422,1
5.494492,156.602243,1
5.406646,123.586295,1
5.174904,191.653434,1
5.383391,154.463214,1
5.871909,142.065383,1
5.962364,133.972943,1
5.689638,193.939226,1
5.344437,129.805004,1
5.387748,116.962197,1
5.287144,181.170583,1
5.338397,129.005931,1
5.395711,204.496635,1
5.257357,142.356053,1
5.320126,190.331172,1
5.310053,153.000273,1
5.758748,166.43805,1
5.743734,121.295439,1
6.00034,170.288729,1
5.147755,128.014006,1
5.372429,121.166852,1
5.52605,112.986485,1
5.55275,188.906766,1
5.150256,102.146894,1
5.564644,120.899599,1
4.988553,128.420641,1
5.209836,120.084184,1
5.212821,164.575996,1
5.36752,169.611129,1
5.337177,165.351258,1
5.258355,132.688857,1
5.516504,121.790662,1
5.257976,166.829284,1
4.738465,116.582427,1
5.831962,189.90847,1
5.509269,111.40576,1
5.51858,142.591404,1
5.570959,142.316536,1
5.088139,137.04207,1
5.447443,119.40424,1
5.694317,160.812238,1
5.219537,99.041385,1
5.004631,144.167223,1
4.71186,125.139749,1
5.162455,148.605765,1
5.85571,158.725219,1
5.225706,119.207066,1
4.842267,157.200234,1
5.309659,151.32811,1
5.856582,134.342919,1
5.34639,143.362219,1
5.038239,137.59253,1
5.411135,125.41379,1
5.760009,173.666135,1
5.22991,203.881911,1
5.530452,129.049568,1
5.569561,155.456453,1
5.65769,134.000632,1
5.632295,181.64944,1
5.386965,116.461362,1
5.202399,136.392898,1
5.876216,190.135492,1
5.864114,157.543755,1
5.504448,182.986221,1
5.413153,114.200954,1
5.034772,208.853837,1
5.249845,102.542227,1
5.402088,188.431471,1
5.347944,160.206144,1
5.802859,162.166715,1
5.577951,187.754035,1
5.112882,196.900018,1
5.550771,133.890408,1
5.255021,180.903882,1
4.964933,156.116343,1
5.616174,152.631344,1
5.265557,131.766636,1
5.427766,129.215528,1
5.886759,180.638464,1
5.769606,109.014428,1
5.931364,123.055543,1
5.134298,139.769404,1
5.592423,171.628939,1
5.56695,187.873341,1
5.003491,98.002078,1
5.510072,132.522892,1
4.937948,142.204387,1
4.98199,172.836541,1
5.267452,155.353724,1
5.461646,205.665263,1
5.619387,128.437228,1
5.083918,200.93856,1
5.102544,172.290004,1
5.240399,135.627874,1
5.304763,216.134639,1
5.094718,64.264724,1
5.626249,150.653942,1
5.21109,118.409934,1
5.875278,229.021277,1
5.663567,91.662985,1
5.263355,108.365032,1
5.503219,150.339501,1
5.588963,179.515347,1
5.434385,158.421318,1
5.011534,176.639491,1
5.429504,127.75789,1
5.117395,151.91928,1
5.560933,137.161837,1
5.422295,157.533807,1
5.497922,139.500236,1
5.68432,153.704506,1
5.109813,119.481634,1
5.269469,152.702733,1
5.870596,122.192712,1
5.891023,119.116887,1
5.417279,164.010134,1
5.236875,129.737332,1
5.499857,121.630147,1
5.326287,148.307939,1
5.488388,144.914617,1
5.781463,101.221317,1
5.516426,133.137117,1
5.361145,146.665124,1
5.451108,107.099331,1
6.015415,98.996007,1
5.132057,147.142153,1
5.230415,122.114659,1
4.930932,119.941766,1
5.179531,158.55679,1
5.337174,162.988214,1
5.763764,157.524781,1
5.221299,119.097128,1
5.244368,123.987407,1
5.487996,107.535972,1
6.205496,132.182434,1
5.428827,123.339943,1
5.455342,121.842345,1
6.398427,125.574414,1
5.977205,154.07719,1
5.345512,109.919421,1
5.370077,151.053643,1
5.178182,115.200439,1
5.374277,118.567099,1
5.137862,152.8437,1
4.992291,123.095447,1
5.384185,175.471165,1
5.127707,202.233042,1
5.381111,166.414026,1
4.901233,111.685654,1
5.600599,186.038089,1
5.774128,122.802427,1
5.00614,122.764242,1
5.274266,145.711628,1
5.60954,148.848993,1
5.600366,161.671474,1
5.105655,213.06395,1
5.34472,149.118227,1
4.580109,119.147173,1
5.402548,128.070701,1
5.936519,174.925174,1
5.924367,207.05834,1
5.694449,203.639068,1
4.80541,127.659012,1
5.440544,186.588957,1
5.395911,165.461954,1
5.761149,111.841182,1
5.901161,99.974253,1
5.637268,135.334228,1
5.67872,120.256992,1
5.552368,165.759736,1
4.939186,195.437058,1
5.522813,126.76153,1
5.4693,168.976934,1
5.242931,150.864571,1
5.376943,80.468226,1
5.692631,112.634342,1
5.05,190.922378,1
5.535122,121.775226,1
5.325282,133.6637,1
5.599993,185.278224,1
5.471974,156.58766,1
5.39829,130.185857,1
5.586282,119.653399,1
5.56728,91.044435,1
5.976985,138.151449,1
5.395275,117.531952,1
5.357824,128.593426,1
5.431337,146.2708,1
5.262968,92.337977,1
5.195342,170.09783,1
4.841325,103.718017,1
5.359899,183.725038,1
5.228221,171.210252,1
5.40931,165.643047,1
5.11726,149.103081,1
5.351709,145.324077,1
5.606646,105.392047,1
5.63235,137.333996,1
5.241652,162.570758,1
5.731366,138.884384,1
5.452427,101.434953,1
5.089221,122.861188,1
5.619488,167.582364,1
5.238978,153.091778,1
5.439963,141.03613,1
5.412997,174.698683,1
5.284791,178.68607,1
5.023897,127.854626,1
5.077635,141.599017,1
5.475369,172.077074,1
5.370878,160.665268,1
5.047607,164.774765,1
5.160891,152.760823,1
5.339109,136.297063,1
5.71552,149.942252,1
5.326859,119.987381,1
5.385284,152.754013,1
5.507999,131.894756,1
5.639563,140.85267,1
5.597803,170.002653,1
5.689362,123.765919,1
5.218744,186.659402,1
5.338169,192.56163,1
5.908592,194.898603,1
5.409272,164.389712,1
5.137085,150.800948,1
5.383509,90.156065,1
5.375936,156.103979,1
5.410158,157.650692,1
6.06867,190.414438,1
5.823231,169.578028,1
5.713044,178.968256,1
5.048404,109.036095,1
4.670672,131.849947,1
5.387009,146.846962,1
5.152518,116.489216,1
5.525856,173.85729,1
6.096242,130.33229,1
5.245356,145.631539,1
5.907728,186.538901,1
5.403911,180.112192,1
5.358088,124.69042,1
5.582007,146.11213,1
5.240927,114.775232,1
5.407179,136.661961,1
5.39038,157.210047,1
5.675582,125.088811,1
5.75138,149.923056,1
5.720547,136.387879,1
5.340942,134.048588,1
5.515309,100.488502,1
5.18351,136.189984,1
5.435645,153.111051,1
4.687708,118.806354,1
5.880794,148.466809,1
5.133886,163.689891,1
5.075013,159.79522,1
5.470602,109.38095,1
5.337568,190.787762,1
5.241029,180.947287,1
5.914526,162.826518,1
6.036481,165.158784,1
5.443234,114.419807,1
5.11612,196.817432,1
5.671509,105.846139,1
5.222782,142.194028,1
5.239029,176.532987,1
5.500482,132.677319,1
4.907512,170.11592,1
5.210109,159.348923,1
5.277908,155.884325,1
5.155236,153.727555,1
4.904778,142.796199,1
5.040031,137.691263,1
5.790415,135.776866,1
5.126416,135.4396,1
5.032056,127.831002,1
5.633946,132.892159,1
5.801143,142.140808,1
5.318502,155.434053,1
5.813477,186.990009,1
5.602713,126.764202,1
5.304955,136.798566,1
5.702041,162.059505,1
4.897609,141.562031,1
5.399995,166.367499,1
5.91874,210.173495,1
5.414924,133.652108,1
5.368045,122.306693,1
5.623204,118.305832,1
5.417874,141.687373,1
5.251025,148.330879,1
5.368927,148.854403,1
5.852381,149.906062,1
5.932818,178.857683,1
5.404689,120.509042,1
5.851164,174.923307,1
5.199749,155.100615,1
5.50855,148.647889,1
5.188365,115.030303,1
5.260548,156.678366,1
5.762345,137.112168,1
5.542037,210.21671,1
6.186844,183.654586,1
5.499121,154.777509,1
5.736932,139.152376,1
5.48367,130.891479,1
5.802766,151.237769,1
5.486057,134.939912,1
5.615077,186.452825,1
5.414603,139.135111,1
5.314517,170.176029,1
5.655468,83.68038,1
4.860849,153.7445,1
5.424604,192.959361,1
5.015819,151.581485,1
5.654026,146.38921,1
5.297438,117.024082,1
5.308489,129.660579,1
5.434564,164.570809,1
5.311903,133.931096,1
5.543443,148.37266,1
5.495588,128.654327,1
5.763908,168.844902,1
5.502328,176.261179,1
5.446308,163.748113,1
4.899571,127.408174,1
4.742679,130.360734,1
5.662729,144.914902,1
5.32099,140.603874,1
5.373193,92.142995,1
5.482861,192.405171,1
5.300108,80.853642,1
5.22974,122.282599,1
5.044848,121.50594,1
4.929648,169.324454,1
5.128698,79.726484,1
5.500612,125.478522,1
5.405374,152.284459,1
5.471188,115.297468,1
5.04151,136.705517,1
5.518576,142.821554,1
5.491549,180.579757,1
5.524514,127.826528,1
5.492606,128.889941,1
5.309805,165.463378,1
5.270308,110.123942,1
5.472526,143.901285,1
5.026666,141.343707,1
5.209285,109.000564,1
5.504082,184.284186,1
5.717817,152.627082,1
5.248506,141.542673,1
5.366723,169.905724,1
5.011997,176.15633,1
4.86507,118.899867,1
5.275182,132.880495,1
5.441721,154.163649,1
5.520882,110.692624,1
5.214602,127.550138,1
5.466836,182.811928,1
4.884134,133.4757,1
5.709544,194.89252,1
5.955184,143.746346,1
5.271681,108.193742,1
5.866409,156.54073,1
5.281557,158.19598,1
5.431454,108.81258,1
5.217003,165.082695,1
5.227418,121.423845,1
5.78525,125.402585,1
5.439868,90.179058,1
5.048563,127.639843,1
5.517458,161.648095,1
5.799993,108.782933,1
4.962229,160.4691,1
5.613949,100.041132,1
5.248265,109.560667,1
5.588625,126.699641,1
4.961246,146.772136,1
5.324742,85.494211,1
5.678685,168.578661,1
5.252915,107.750217,1
5.512155,176.060464,1
5.250255,63.786133,1
5.547407,161.029531,1
4.917663,146.692387,1
5.545109,173.319446,1
5.285168,115.594482,1
5.464989,93.95612,1
5.25977,96.131041,1
5.33266,139.663407,1
5.322163,112.469616,1
5.102348,103.751714,1
4.886759,151.243924,1
5.761136,131.268383,1
5.375137,174.926633,1
5.66983,129.580526,1
5.535508,136.02225,1
5.002649,144.118154,1
6.101843,137.736465,1
5.073799,127.082227,1
5.373717,131.169933,1
5.586256,168.165459,1
5.622644,146.400142,1
5.607554,181.100256,1
5.001434,155.229579,1
5.266981,106.336644,1
5.348316,73.704592,1
5.271671,144.017336,1
5.388943,94.996062,1
5.551023,124.592012,1
5.325198,137.599124,1
5.43215,130.845804,1
5.296409,113.263466,1
5.937232,135.51511,1
5.056961,163.150576,1
5.485894,133.748247,1
5.622298,118.324534,1
5.896877,91.605303,1
4.880542,172.09943,1
5.695887,139.146089,1
5.25362,121.259616,1
5.928136,188.352091,1
4.986815,155.168473,1
5.250683,107.526205,1
5.272233,118.121556,1
5.364505,158.032866,1
5.434913,124.53612,1
4.958254,175.342012,1
5.501365,172.386528,1
5.492503,145.948039,1
5.451803,109.592219,1
5.374191,117.446449,1
5.421438,125.600912,1
5.449407,129.03269,1
5.471373,192.108645,1
5.889728,175.97351,1
5.863732,130.764066,1
5.886752,156.67684,1
5.623162,172.968196,1
5.285345,161.537077,1
4.866008,151.23955,1
5.683552,95.675679,1
5.555346,139.871803,1
6.442053,163.358686,1
4.948362,169.850976,1
5.473772,137.933535,1
5.359338,95.178024,1
5.63293,146.791195,1
5.581749,175.081171,1
5.538403,115.948321,1
4.657528,153.962228,1
5.532585,161.651947,1
5.074968,137.655568,1
5.496731,144.541418,1
5.546775,132.471266,1
5.783183,106.553213,1
5.820746,150.735043,1
5.893426,128.562445,1
5.667409,163.546078,1
5.691912,187.332918,1
5.084487,123.487189,1
5.651972,132.512106,1
5.677471,142.812082,1
5.182476,145.340515,1
5.4926,135.136858,1
5.45338,133.48005,1
5.8554,116.569024,1
5.461197,117.242281,1
5.460936,125.354922,1
5.519763,159.605633,1
5.934533,110.97568,1
5.127702,129.13396,1
5.553982,127.488983,1
5.705553,163.627175,1
5.346378,154.15727,1
5.178892,139.508542,1
5.567975,198.037911,1
5.190718,212.024636,1
5.293034,128.309746,1
5.36193,117.428837,1
5.408921,166.207795,1
5.434543,106.383159,1
5.561748,146.060876,1
4.438098,141.397692,1
5.314138,109.668303,1
4.898946,162.110374,1
5.628965,130.044537,1
5.20383,136.298893,1
5.819598,136.40612,1
5.663768,100.351872,1
5.352119,153.182487,1
5.785331,127.520819,1
5.052504,131.986814,1
5.502872,122.181242,1
5.417056,118.414289,1
5.516663,162.316059,1
5.604759,163.524897,1
5.337312,149.354202,1
5.319382,116.136549,1
5.439724,123.811848,1
6.005779,175.358579,1
5.395651,117.18978,1
5.641161,187.623612,1
5.373886,155.20361,1
5.182393,80.557254,1
5.612839,120.018333,1
4.972483,134.633471,1
5.163961,144.237935,1
5.476439,134.228415,1
5.485265,171.498031,1
5.645705,188.612555,1
5.790821,178.178799,1
5.348871,164.383004,1
5.705748,116.559733,1
5.655845,133.528196,1
4.822956,158.255406,1
4.844401,74.971657,1
5.321854,144.58585,1
5.539966,131.006545,1
5.75571,163.103381,1
5.893251,181.455017,1
5.653354,240.014748,1
5.419735,91.305537,1
5.696102,119.416395,1
5.647982,158.009969,1
4.785779,95.717965,1
5.920474,127.000025,1
5.763485,92.82816,1
5.710218,145.980815,1
5.33574,136.968804,1
5.051397,135.261212,1
5.072483,98.42525,1
5.201583,195.388882,1
5.42178,127.663623,1
5.228456,163.002506,1
5.21921,146.989024,1
5.128592,142.282178,1
4.867906,151.528256,1
5.20262,178.285032,1
5.569208,169.071672,1
5.560345,177.004696,1
4.929645,138.501908,1
5.472859,147.450304,1
5.813219,146.528938,1
5.280532,145.205486,1
5.799956,173.432942,1
5.578992,113.286779,1
5.461806,142.213607,1
5.486451,193.076414,1
5.484748,115.650907,1
5.36818,120.493207,1
4.926148,117.722616,1
5.416258,134.168582,1
4.960479,153.848825,1
5.631755,170.678222,1
5.101938,138.04119,1
5.439107,145.544754,1
5.566067,94.125329,1
5.436391,166.816004,1
5.723076,109.747897,1
5.959163,141.750276,1
5.719946,119.426595,1
5.381827,136.212297,1
5.634689,127.820208,1
5.405567,140.278404,1
5.738804,166.660927,1
6.00414,158.946305,1
5.308889,198.678104,1
5.172665,105.51871,1
5.230806,161.333817,1
5.563332,108.793813,1
5.242241,101.211219,1
5.14159,166.362857,1
5.17305,82.875745,1
5.94652,126.797817,1
5.142127,114.68887,1
5.446707,128.612241,1
5.438519,180.788279,1
5.045804,100.085717,1
5.575267,155.109602,1
5.097886,204.946818,1
5.284956,147.654525,1
5.628065,52.379078,1
5.005755,112.641624,1
5.469233,108.280578,1
5.343908,179.432363,1
5.733984,147.639349,1
5.745055,172.700505,1
5.355904,125.844401,1
5.545965,77.049692,1
5.794574,166.060819,1
5.486007,157.160479,1
5.162758,175.387352,1
5.137002,150.740165,1
5.232496,172.208156,1
5.9869,174.733118,1
5.622012,166.859282,1
5.278108,140.790966,1
5.584382,161.362739,1
5.615008,89.674797,1
5.088768,155.27484,1
5.702114,200.20835,1
5.786862,198.533967,1
5.302315,122.282535,1
4.982601,144.782151,1
5.100359,123.334759,1
5.249532,169.857727,1
5.557169,101.815498,1
5.147957,162.739927,1
5.420037,134.509181,1
5.63626,124.544722,1
4.98427,142.26171,1
5.203103,112.260285,1
5.203503,135.392137,1
5.34033,82.304891,1
5.443745,165.269196,1
5.579771,153.386658,1
4.984419,131.917936,1
5.899001,105.617772,1
5.484685,175.433885,1
5.752072,127.578485,1
5.28394,163.726848,1
5.44347,106.528044,1
5.494623,131.424542,1
5.651427,127.00896,1
5.584141,149.888492,1
5.119306,116.849722,1
5.324726,99.214219,1
5.512342,143.854739,1
5.617931,161.163012,1
5.757708,179.381554,1
5.19463,198.390975,1
5.620995,185.326294,1
5.00803,88.968959,1
5.204765,108.827903,1
5.954157,135.302489,1
5.495161,162.463509,1
5.290272,123.225313,1
5.4981,133.311069,1
5.229537,113.055444,1
5.372701,138.154678,1
4.963806,141.906968,1
5.717935,129.453069,1
5.323289,157.861581,1
5.453868,142.283119,1
5.705816,132.481532,1
5.703604,163.978566,1
5.352899,125.420022,1
4.91323,139.187584,1
5.564364,125.719714,1
5.6229,170.734287,1
5.775851,139.539595,1
5.551566,149.971347,1
4.972742,169.549622,1
5.604517,125.120714,1
5.717215,168.494226,1
5.148858,156.320583,1
5.627116,106.560036,1
5.295084,78.156185,1
5.964425,126.067151,1
5.456223,188.431925,1
6.000397,90.852891,1
5.502334,195.52692,1
5.014099,168.152341,1
5.758631,126.882144,1
5.618198,129.938592,1
5.189798,181.266509,1
5.763854,105.814125,1
5.417284,187.681913,1
5.250898,143.224036,1
5.364761,170.340297,1
5.480582,118.7709,1
5.404205,133.411801,1
4.99403,170.816043,1
5.573932,116.567206,1
6.077312,133.692967,1
5.589365,146.412457,1
5.574744,128.025764,1
5.263447,157.745713,1
5.412519,190.13472,1
5.378524,139.780664,1
5.486644,145.95205,1
5.524752,177.817896,1
5.703296,157.012731,1
5.372563,173.006992,1
5.467323,156.918955,1
5.012481,100.682258,1
5.480544,119.690913,1
5.882247,150.055746,1
5.192027,149.805101,1
5.330464,148.411863,1
5.281496,144.456648,1
5.190596,176.228575,1
5.428869,153.55198,1
5.416825,171.073613,1
5.604722,111.328966,1
5.581267,167.815673,1
5.308941,135.56312,1
4.934053,147.698803,1
4.62798,127.272882,1
5.30147,190.911114,1
5.136245,133.753339,1
5.057426,144.901099,1
5.512605,152.311767,1
5.40185,138.783131,1
4.688934,130.378326,1
5.533012,116.847637,1
4.825962,87.572141,1
5.661801,133.026218,1
5.391431,149.823367,1
5.439649,180.975243,1
5.755688,133.932927,1
5.405917,123.629524,1
5.286818,159.016801,1
5.969291,139.256563,1
4.99255,130.473444,1
5.195158,151.200338,1
5.299519,130.519503,1
5.248996,143.021208,1
5.7411,126.013984,1
5.186578,119.114774,1
5.802,162.22669,1
5.689093,166.011506,1
5.159798,112.117474,1
5.026553,162.347303,1
5.361692,168.093999,1
5.563054,140.392039,1
5.004077,112.080068,1
4.776926,152.266585,1
5.391031,145.218673,1
5.739417,127.879988,1
5.327548,123.259014,1
5.469636,120.394943,1
5.495705,178.302777,1
5.183765,163.546273,1
5.199118,153.794911,1
5.324716,155.167516,1
5.034963,110.998481,1
5.202291,162.508425,1
5.655556,158.673935,1
5.797701,114.862346,1
5.588743,110.474349,1
5.371869,122.421882,1
5.315618,128.504705,1
5.013686,127.490331,1
5.273177,158.698909,1
6.060276,184.711128,1
4.989418,171.56446,1
5.426567,179.307515,1
5.754875,168.875925,1
5.652688,172.661781,1
4.777534,104.280185,1
5.205238,122.827884,1
5.387768,118.73116,1
4.846214,128.164286,1
5.566049,141.454435,1
5.557843,96.099186,1
5.314941,167.744839,1
5.270347,113.579282,1
5.33116,150.756232,1
4.683699,126.951571,1
5.01052,132.969663,1
5.142673,132.563385,1
5.628524,108.108904,1
5.293843,156.988398,1
4.644857,124.133629,1
5.476378,153.102019,1
5.411356,143.720258,1
5.779299,92.79224,1
5.232927,117.840819,1
5.253008,114.768295,1
5.34445,132.592145,1
4.938525,131.365734,1
5.383565,166.183178,1
5.116312,160.57773,1
5.370074,160.732126,1
5.549734,157.733302,1
5.411916,116.840148,1
5.975952,133.706491,1
6.023294,144.006512,1
5.599349,116.859795,1
5.27382,112.067734,1
5.577978,122.888421,1
4.82663,164.64192,1
4.935961,120.149217,1
5.182378,116.536449,1
4.948319,128.120269,1
4.879301,149.243826,1
5.477379,126.755751,1
5.495084,111.868602,1
5.610538,95.480431,1
5.315012,131.614073,1
5.987821,93.873908,1
5.316743,118.133745,1
4.852303,99.535166,1
5.376546,126.314425,1
5.271178,97.555256,1
5.192324,72.635349,1
5.368518,106.049322,1
4.900857,157.532766,1
5.155892,147.113987,1
4.767079,123.960066,1
5.17143,157.366153,1
5.760451,142.1007,1
5.528822,89.518454,1
4.74792,175.590536,1
5.260937,128.757561,1
5.294315,145.930152,1
5.22282,172.212808,1
5.621263,152.309948,1
5.12094,142.500218,1
5.925975,164.72632,1
5.087417,128.142344,1
5.245055,152.621585,1
5.760661,149.990075,1
5.233785,187.464846,1
5.632774,135.796873,1
5.637734,118.204637,1
5.414536,169.720366,1
5.519308,112.809903,1
5.107034,152.067235,1
5.405528,93.319424,1
5.359926,148.091437,1
5.775584,158.959445,1
5.217589,158.387068,1
5.185445,198.491726,1
4.760017,161.322948,1
5.508914,120.637734,1
5.202121,118.457294,1
5.683159,165.954523,1
5.463244,79.180371,1
5.169024,122.277351,1
5.075908,149.058154,1
5.857433,161.825702,1
5.612463,132.661758,1
5.406469,154.318771,1
5.610315,100.5142,1
5.515285,153.153608,1
5.464486,129.328295,1
5.477738,124.625171,1
5.135903,125.504993,1
5.491783,162.123733,1
5.56123,131.963269,1
5.045067,121.487739,1
5.481528,138.665795,1
5.501508,176.202529,1
5.200802,147.161717,1
5.317359,81.603193,1
4.857742,125.094431,1
5.194979,127.691244,1
5.698375,149.035435,1
5.154483,136.187153,1
5.583808,225.8966,1
5.352635,149.489143,1
5.379002,184.17322,1
5.594478,155.82496,1
5.058387,141.024613,1
5.542255,70.69301,1
5.060034,153.594977,1
5.640219,155.30439,1
5.352568,141.368485,1
6.075076,194.620448,1
5.675914,140.584024,1
5.982629,135.69817,1
5.203625,125.28191,1
4.940509,187.881629,1
5.412773,124.541803,1
5.537657,136.137863,1
5.185075,121.350803,1
5.087718,111.959119,1
5.02148,146.314526,1
5.711311,137.628967,1
5.584964,131.046632,1
5.558142,136.326871,1
5.715893,161.002856,1
5.262129,121.557399,1
5.280902,156.289068,1
5.401092,165.563051,1
4.951917,172.030694,1
4.840672,168.949182,1
5.315522,138.041938,1
5.653642,156.227916,1
5.133286,131.54606,1
6.259842,122.889714,1
5.295159,127.952226,1
5.308247,139.895869,1
5.104338,167.356378,1
5.597268,129.566347,1
5.322131,89.564251,1
5.11934,150.958175,1
5.821004,156.176517,1
4.966674,133.634059,1
5.171983,136.305839,1
5.628782,127.37596,1
5.574885,140.737772,1
5.762831,179.205158,1
5.292359,156.151284,1
5.483317,149.914044,1
5.139738,170.144068,1
5.648935,154.016002,1
5.503348,143.790617,1
5.635274,105.366807,1
5.770816,121.022547,1
5.448661,165.455951,1
5.251469,158.423743,1
5.508665,152.36481,1
5.29003,178.531346,1
5.191105,167.052943,1
6.09087,131.127149,1
5.859016,114.569177,1
4.912897,150.778808,1
5.753921,145.899816,1
4.917866,116.065309,1
5.265769,147.687734,1
5.188278,167.003113,1
5.418307,74.28956,1
5.510332,135.838039,1
5.18897,171.25454,1
5.617744,185.531649,1
5.410531,156.679669,1
5.040383,130.221973,1
5.114151,127.953136,1
5.642906,213.062521,1
4.827928,173.808692,1
5.343417,125.863548,1
5.801006,127.383047,1
4.854508,138.385213,1
5.9169,94.477771,1
5.616141,130.885343,1
5.957447,141.158429,1
5.586456,176.331441,1
5.352592,149.795678,1
5.587853,121.987772,1
5.739635,145.737075,1
5.275287,160.994071,1
5.527225,167.392596,1
5.874603,128.188076,1
4.71578,186.62614,1
5.55232,169.895221,1
5.066108,124.435026,1
5.460296,189.200253,1
5.332741,151.710073,1
4.967677,182.104584,1
5.178049,111.62652,1
5.853468,157.111815,1
5.274939,76.427561,1
5.546878,177.449656,1
5.394561,137.198959,1
5.326487,124.134496,1
4.997172,150.620197,1
5.356085,143.095333,1
5.169281,219.761987,1
5.470189,95.007934,1
5.49572,160.790084,1
5.503356,140.532604,1
5.627165,127.198717,1
5.80376,110.160391,1
5.138633,111.31489,1
5.214048,171.676157,1
5.5108,194.657713,1
5.101996,131.113611,1
4.670212,160.442059,1
5.610023,124.22953,1
5.070164,146.869759,1
5.110018,140.015678,1
5.392052,144.775611,1
5.185912,156.22197,1
5.802606,143.304079,1
5.284037,142.344885,1
5.448274,166.572656,1
5.533659,58.70219,1
5.278162,128.041876,1
5.035924,138.725591,1
5.468204,130.931166,1
5.670398,112.032583,1
5.23356,92.887411,1
5.396801,169.294009,1
5.760529,168.559007,1
5.306319,145.478344,1
5.464454,173.654805,1
5.288443,127.990615,1
5.344929,166.903808,1
5.514199,144.046525,1
5.031259,90.719756,1
6.088921,113.701853,1
5.337895,160.296314,1
5.051328,150.329569,1
5.287351,126.944344,1
4.867587,204.121951,1
5.359986,127.027868,1
5.278667,104.01818,1
5.451044,131.70069,1
5.845669,153.231224,1
5.25142,171.781224,1
5.31303,116.619892,1
5.308275,181.628758,1
5.46945,115.792337,1
5.611686,146.596314,1
5.545695,144.978091,1
5.30272,90.87125,1
5.387717,124.354564,1
5.488108,154.648552,1
5.198787,155.189937,1
5.702986,148.529104,1
5.361613,143.037689,1
5.612811,128.314182,1
5.503589,205.437512,1
5.130676,211.888965,1
5.398236,138.102991,1
5.461162,110.674198,1
5.412497,126.500488,1
5.425172,131.474375,1
5.447152,184.185974,1
5.120433,169.713259,1
5.484998,122.560392,1
5.837245,201.324123,1
5.194666,190.014821,1
4.841011,133.744264,1
5.555219,137.726841,1
5.590376,122.745001,1
5.120975,118.999009,1
5.928213,110.276547,1
5.091974,132.116058,1
5.314273,107.370136,1
5.26447,149.1138,1
5.16309,94.320112,1
5.594352,128.024037,1
5.566338,160.571937,1
5.434691,150.714576,1
5.464873,142.04673,1
5.215716,100.835023,1
5.655297,152.630402,1
5.340205,140.60796,1
5.571103,121.055118,1
5.839493,162.76639,1
5.571366,114.81339,1
5.166191,106.641265,1
5.638414,157.056074,1
5.11012,143.221597,1
5.15159,185.431841,1
5.512412,149.196851,1
5.698372,128.36075,1
5.508469,108.472133,1
5.30951,124.012748,1
5.123539,151.068414,1
5.05983,129.484814,1
5.265296,147.626408,1
5.365175,105.02515,1
5.392117,176.436304,1
5.601728,217.94451,1
5.163893,105.109787,1
5.02485,138.650787,1
4.708558,101.931009,1
5.280445,129.303001,1
5.580553,134.058467,1
5.544403,172.88453,1
5.746137,113.814422,1
5.603464,158.792523,1
5.463918,115.937191,1
5.476466,143.563493,1
5.622168,137.477761,1
5.504881,142.88711,1
5.081725,181.921751,1
5.455125,170.963543,1
5.791766,181.378744,1
5.385764,119.397689,1
5.292209,192.400737,1
5.800003,131.140651,1
5.67943,151.634511,1
6.042961,126.850961,1
5.474353,127.956287,1
5.124021,139.216043,1
5.434599,127.771526,1
5.418831,122.022373,1
5.238162,164.192712,1
4.846672,111.742321,1
4.744975,121.115795,1
5.390272,128.433969,1
5.150329,145.20529,1
5.859825,141.100067,1
5.127434,140.432463,1
5.08428,114.700879,1
5.666216,206.564482,1
5.497444,148.299105,1
5.238993,195.560275,1
5.390099,146.007265,1
5.09665,188.676255,1
5.335681,183.309679,1
5.098954,123.188035,1
5.149266,80.858782,1
5.561595,187.489461,1
5.445638,151.421111,1
5.252312,88.579964,1
5.57685,161.088127,1
5.259405,140.353203,1
5.320896,167.436108,1
5.249435,161.844771,1
6.159188,116.218091,1
5.684289,122.445322,1
5.232184,172.588223,1
5.680991,143.610397,1
5.235515,147.684897,1
5.281145,126.617455,1
5.680753,145.453868,1
5.120756,130.267147,1
4.482048,142.278023,1
5.359418,133.658085,1
5.638982,110.13356,1
5.052365,153.975205,1
5.002005,156.551936,1
5.263376,146.860892,1
5.430565,144.684213,1
5.966946,90.392717,1
5.022578,172.0541,1
5.513931,141.116504,1
5.293544,163.40123,1
5.736941,177.432371,1
5.601526,120.308722,1
5.182605,134.854845,1
5.672304,95.887193,1
5.582278,162.999261,1
5.200871,133.794211,1
5.702342,155.439168,1
5.606516,88.009199,1
5.177739,160.222836,1
5.363296,147.790664,1
5.276015,157.438854,1
5.290767,103.927101,1
5.333109,113.20174,1
5.548731,136.562526,1
5.736532,96.571252,1
5.420924,190.538695,1
5.345966,198.058777,1
5.602966,88.961933,1
5.766399,121.363913,1
5.325339,176.355951,1
5.784683,182.866717,1
4.964112,125.084424,1
5.155932,183.690569,1
5.204657,178.752052,1
5.522408,101.956842,1
5.157233,174.473846,1
5.863673,124.746297,1
5.041066,199.154299,1
5.424119,132.328942,1
5.495636,125.547757,1
5.594176,136.353005,1
5.641717,155.781049,1
5.243208,149.272298,1
5.402647,140.714837,1
5.469668,206.721393,1
5.429452,139.48715,1
5.544189,140.142436,1
6.087681,146.920963,1
5.535368,143.570185,1
5.350163,106.78697,1
5.299808,131.060085,1
5.475659,154.636419,1
5.122347,143.237759,1
5.374367,144.403466,1
5.366714,138.969691,1
4.852838,105.057766,1
5.519723,164.357338,1
5.562396,130.262545,1
5.737679,134.621022,1
5.583175,131.568942,1
4.929315,202.7234,1
5.554058,149.737066,1
5.333303,210.587185,1
5.102509,139.528488,1
5.474543,161.727044,1
5.565097,66.835498,1
5.149632,135.3572,1
5.462508,186.164337,1
4.772529,151.810807,1
5.740367,148.474944,1
5.125895,169.220014,1
5.02106,142.898371,1
5.95651,142.903712,1
5.697471,143.826954,1
5.808151,160.444569,1
5.155212,185.842798,1
5.368348,104.197829,1
5.838291,137.717457,1
5.607459,140.278052,1
5.298207,161.464602,1
5.67025,172.658997,1
5.239638,108.544467,1
5.188814,129.037139,1
5.341743,106.09281,1
5.027864,135.079263,1
5.288486,147.881936,1
4.66357,162.154361,1
5.275651,170.715553,1
5.639726,152.304109,1
5.338418,114.31649,1
5.053331,122.671795,1
5.765342,118.390655,1
4.843737,192.170579,1
5.9301,159.941697,1
5.59479,144.644277,1
5.151821,180.4277,1
5.858569,175.496142,1
5.177518,110.521584,1
5.763548,161.49081,1
5.150162,150.83981,1
5.499078,106.639878,1
5.186542,173.816192,1
5.188246,137.365811,1
5.873151,158.879898,1
4.704308,104.955799,1
5.562479,156.785404,1
5.282369,108.804469,1
5.450078,116.713585,1
5.53067,179.508895,1
5.308855,164.105369,1
5.749709,96.768998,1
5.490331,102.918028,1
5.343493,179.211651,1
5.331966,153.557631,1
5.582427,136.00198,1
5.663287,187.551557,1
5.15172,134.817316,1
5.791475,96.183075,1
5.654191,120.411343,1
5.112599,137.334916,1
5.272539,171.307031,1
5.234166,175.382375,1
5.570044,160.091179,1
5.097247,113.820661,1
5.674864,81.721532,1
5.340897,225.355423,1
5.659637,176.832179,1
5.099245,129.29759,1
5.342459,168.201538,1
5.573848,162.586192,1
5.395334,158.713003,1
5.50653,164.84344,1
5.551303,141.220905,1
4.659913,138.909426,1
5.701087,148.20755,1
5.189171,170.888172,1
5.670783,167.583344,1
5.785582,70.956545,1
4.983763,126.206613,1
5.890841,152.661271,1
5.758105,146.77769,1
5.006751,145.086383,1
5.831545,176.571437,1
5.358235,193.497258,1
5.702029,162.743338,1
5.821145,152.000895,1
5.611479,173.031006,1
5.346831,126.086954,1
5.690661,158.033344,1
4.823177,92.056886,1
5.33158,151.35371,1
4.909106,126.23277,1
5.58101,168.667512,1
5.754448,191.621994,1
5.880287,131.080284,1
5.563939,167.570758,1
5.59008,139.759697,1
4.961699,136.908279,1
5.357853,162.530657,1
5.058023,190.438015,1
5.316866,140.365661,1
5.339204,147.724215,1
5.513694,156.924791,1
5.434964,129.090568,1
5.288342,46.074716,1
5.912057,156.436058,1
5.38974,206.597712,1
4.894965,153.899938,1
5.757567,114.039454,1
5.844258,129.412322,1
5.450664,206.586514,1
5.207144,99.833764,1
5.884809,165.084972,1
5.664055,122.150002,1
5.190748,114.260934,1
4.890151,172.623089,1
5.166838,132.32329,1
4.872716,156.20042,1
5.767229,136.302191,1
5.690532,171.247681,1
6.121108,170.44829,1
5.363004,82.908267,1
5.549063,166.496782,1
5.04671,187.916902,1
5.31328,168.164606,1
5.021844,150.675641,1
4.952588,157.171666,1
5.706154,151.38461,1
5.320613,132.629371,1
5.268964,114.414262,1
5.84752,150.290239,1
5.081569,137.047383,1
5.118867,105.540834,1
5.384603,121.748901,1
4.959343,96.100373,1
5.61977,166.119857,1
5.436508,123.980053,1
5.388255,124.669324,1
5.243278,102.193919,1
4.943451,196.670329,1
5.617569,195.211924,1
5.214989,151.889169,1
4.758381,111.155327,1
5.937308,138.769318,1
5.350569,145.032211,1
5.578153,141.511134,1
5.489556,128.495581,1
5.127264,163.802964,1
4.862777,72.664803,1
4.856381,141.186827,1
5.173304,67.721725,1
5.369537,135.352193,1
5.21817,107.163072,1
5.537261,185.594549,1
5.525789,134.60574,1
5.379977,145.990448,1
5.371974,164.511874,1
5.715855,188.566887,1
5.415058,170.115879,1
5.119898,187.305184,1
5.130654,165.436199,1
5.040018,166.040865,1
5.02201,159.95351,1
5.493445,87.830178,1
5.132855,167.435736,1
5.524075,96.256155,1
4.716021,166.028498,1
5.362355,157.153787,1
5.92148,100.965475,1
5.237693,173.54426,1
5.617475,179.33406,1
5.560699,142.888423,1
5.351577,125.165097,1
5.166105,127.338294,1
5.461227,141.469047,1
6.034652,160.836719,1
5.210944,125.336968,1
5.501162,123.278204,1
5.133932,132.887281,1
5.421276,105.635412,1
5.410811,196.502865,1
4.969077,139.311742,1
5.475282,165.338849,1
5.619405,150.793019,1
5.207202,126.774403,1
5.472063,140.589987,1
5.574815,160.870051,1
5.391919,160.702446,1
4.777286,139.623002,1
5.673889,158.350218,1
5.265972,126.60312,1
5.325556,149.718404,1
4.808629,143.117083,1
5.493073,168.419909,1
5.540515,107.398026,1
5.063188,170.912136,1
5.528161,115.1825,1
5.679795,111.454832,1
5.524511,178.595097,1
5.676683,118.639548,1
5.566821,166.829571,1
5.719945,165.971938,1
4.848611,122.258857,1
5.549025,160.598949,1
5.996613,130.747743,1
4.851167,195.180127,1
5.747218,215.615538,1
5.293545,162.702561,1
5.710777,160.285242,1
5.137194,190.617776,1
4.874077,151.673382,1
5.672238,126.547773,1
5.92024,157.346145,1
5.21458,202.143381,1
5.542846,117.017841,1
5.589574,162.046982,1
5.600523,150.709496,1
5.763461,119.728882,1
5.643176,166.185836,1
5.702152,96.008366,1
5.201748,145.319705,1
5.125585,147.403027,1
5.647626,149.373023,1
5.736344,176.103254,1
5.460414,183.747761,1
5.429697,112.387617,1
5.018134,104.29048,1
5.50645,118.969971,1
5.429135,143.227388,1
5.106735,129.294298,1
5.598206,170.862254,1
4.743825,149.367855,1
5.388736,170.117978,1
5.601028,136.712158,1
5.552823,109.95501,1
5.426202,184.259535,1
5.479141,141.111282,1
5.673532,145.417296,1
5.265534,136.034303,1
4.872779,135.878792,1
5.546384,146.00716,1
5.549044,126.323123,1
5.506826,156.52433,1
5.794895,99.714405,1
5.878294,132.510759,1
5.414802,143.533421,1
4.848019,182.356011,1
5.685353,112.885922,1
5.394165,118.490988,1
4.959244,189.282589,1
5.387533,186.425525,1
5.933958,157.738592,1
5.643334,102.45111,1
5.508078,187.63699,1
5.473659,161.334817,1
5.662753,154.370184,1
5.673655,149.877189,1
5.283087,181.272282,1
5.363622,165.541385,1
5.747621,143.108637,1
5.925015,154.493296,1
5.158795,126.985834,1
5.107067,154.118359,1
6.075578,183.767829,1
4.850608,122.015833,1
5.819664,109.228315,1
4.699828,124.556347,1
5.225654,142.441561,1
5.228049,161.505346,1
5.654509,118.304603,1
5.500563,159.921471,1
4.922469,118.444277,1
5.575342,157.047611,1
5.606707,117.722617,1
5.314773,142.965741,1
6.103433,96.543798,1
5.190907,108.478394,1
5.034488,182.738622,1
5.377765,190.075849,1
5.406345,135.163554,1
5.22218,121.85041,1
5.485195,206.892608,1
5.489572,125.913938,1
5.594718,130.340352,1
5.841537,114.912991,1
4.959906,149.835143,1
5.475968,158.509267,1
5.179064,121.687392,1
5.237766,175.923464,1
5.280155,142.487955,1
5.502268,170.516359,1
5.669573,154.027446,1
5.584496,196.155285,1
5.746465,110.06806,1
5.173334,125.301206,1
5.681186,125.82945,1
5.051843,112.777629,1
5.445244,168.453075,1
5.508952,148.499372,1
5.547746,190.187801,1
6.033692,198.661718,1
5.493056,186.045073,1
5.3392,162.961739,1
5.03494,140.846173,1
5.537422,137.159704,1
5.671585,125.599569,1
5.07239,140.175977,1
5.796561,214.999762,1
5.297701,109.889078,1
5.442922,155.847933,1
5.359662,201.048479,1
5.292908,131.440475,1
4.961473,121.919584,1
5.627373,158.030024,1
5.879419,149.134457,1
5.526346,92.631363,1
5.360978,128.291088,1
5.701323,152.314338,1
5.878781,170.795387,1
5.209954,104.584993,1
5.791226,141.214739,1
5.300482,158.842757,1
5.722784,130.601864,1
5.710477,159.071651,1
6.015962,147.189659,1
5.311819,159.916829,1
5.875664,134.895246,1
5.953508,133.917816,1
5.458456,177.614337,1
5.856965,147.500384,1
5.487298,187.750462,1
5.125135,129.333488,1
5.103355,132.980861,1
5.656094,178.578317,1
4.87075,165.797679,1
5.677948,107.141572,1
5.27679,201.473574,1
5.464127,179.438159,1
5.997179,148.518284,1
5.801239,157.437043,1
5.331568,107.460889,1
5.274237,158.587787,1
5.377347,74.290088,1
5.346313,203.499312,1
5.435025,125.563933,1
4.901993,151.753436,1
5.950535,133.59161,1
4.869526,135.075089,1
5.040228,130.305277,1
5.310407,164.973077,1
4.912972,160.2021,1
5.313712,163.194568,1
5.291952,139.456961,1
5.128082,126.64409,1
5.353575,87.620425,1
5.667967,126.590946,1
4.896764,156.256834,1
5.496605,125.880177,1
5.078484,110.432526,1
5.737716,96.23312,1
5.828408,141.757854,1
5.275318,108.305189,1
5.18231,109.648186,1
5.039678,81.891322,1
5.262338,144.776846,1
5.18619,184.541776,1
5.436443,161.777676,1
4.962863,124.389058,1
5.487528,154.296132,1
5.247179,116.653766,1
5.890072,141.913849,1
5.31476,179.400186,1
5.09911,128.848911,1
5.132565,137.267929,1
5.204695,147.751636,1
5.205629,131.013808,1
5.292733,140.671561,1
5.511224,115.008533,1
6.092914,164.909884,1
5.997111,139.464642,1
5.372898,94.188964,1
4.981907,139.484517,1
5.509789,142.83835,1
5.375265,164.167436,1
5.597014,120.440739,1
5.331977,123.881466,1
5.543258,129.785414,1
5.787773,113.192881,1
5.693013,118.315368,1
5.832788,165.928917,1
4.644026,170.855026,1
5.053893,112.743835,1
5.566176,69.828018,1
5.527824,135.017484,1
5.680532,208.534057,1
5.276915,158.383814,1
5.518831,128.588501,1
5.490612,141.865276,1
6.023403,158.400452,1
5.384607,100.696126,1
5.181401,116.350498,1
5.328557,213.213417,1
4.953352,144.814975,1
5.037643,133.505794,1
5.393845,177.935067,1
5.338808,171.439922,1
5.180763,101.311403,1
5.18872,161.866347,1
5.371496,151.4254,1
5.656329,129.56276,1
5.577271,178.743084,1
5.870987,149.798777,1
5.724985,163.814496,1
5.574125,177.831839,1
5.263841,108.821287,1
5.942008,169.208091,1
5.475122,127.342765,1
5.544476,162.488417,1
5.820616,148.044686,1
4.893478,152.425597,1
5.531779,158.831709,1
5.200946,148.354661,1
4.881293,107.844345,1
5.331575,79.140136,1
5.114344,135.166255,1
4.911283,131.591888,1
5.536779,156.668821,1
5.890604,119.731548,1
5.238636,101.35733,1
5.71433,93.861241,1
5.050377,133.149178,1
5.452024,170.650415,1
5.611662,89.517632,1
5.826938,164.444089,1
5.438524,188.638147,1
5.393408,115.834758,1
5.493018,156.355829,1
5.398891,161.591126,1
5.492536,110.656976,1
4.862321,110.10411,1
5.446046,96.362389,1
5.486753,131.499813,1
5.841409,122.862625,1
5.424715,171.945662,1
5.043259,152.210861,1
5.267922,147.704518,1
5.14583,179.399021,1
5.239793,98.558398,1
5.31702,165.609556,1
5.24441,183.326876,1
5.440506,175.698017,1
5.123142,161.479209,1
5.35721,131.625009,1
5.189112,125.200022,1
5.415033,160.214078,1
5.419312,125.785604,1
5.341072,168.945892,1
5.303387,132.998049,1
5.268402,155.708565,1
5.224095,139.286523,1
5.259667,103.328094,1
5.796556,177.392253,1
5.515568,117.85658,1
5.93915,207.534111,1
5.073153,116.193536,1
5.590069,175.832383,1
5.268344,156.141824,1
5.638523,166.434874,1
5.011903,112.811131,1
5.036557,150.472812,1
5.40391,200.094143,1
4.671136,120.066088,1
5.88076,123.169024,1
5.570499,124.424882,1
5.465674,177.467683,1
5.673789,110.742799,1
5.204491,142.521848,1
5.438648,78.707409,1
5.20036,130.748344,1
4.628305,142.526262,1
5.548501,118.946218,1
5.38775,109.529149,1
5.419044,123.519065,1
5.350628,76.772614,1
5.173422,149.905357,1
5.469289,185.080057,1
5.461588,144.249033,1
5.633876,131.897933,1
5.49281,104.413678,1
5.514897,122.266864,1
5.379069,162.785781,1
5.449415,139.357109,1
5.231397,195.622901,1
5.604539,136.425526,1
6.08522,134.600071,1
5.571685,107.98303,1
4.982977,181.6856,1
5.654419,164.164658,1
5.014473,185.771417,1
5.334972,147.914252,1
5.321394,118.803027,1
5.263513,130.029254,1
5.447289,109.206443,1
5.799731,156.961282,1
5.480015,161.365734,1
5.327859,148.027475,1
5.412812,149.766504,1
6.102623,129.899975,1
5.474438,104.687007,1
5.552528,130.672467,1
5.44103,186.818796,1
5.248997,144.49751,1
5.221988,117.651553,1
5.157176,153.548118,1
4.675595,166.314383,1
5.561462,85.653543,1
5.309468,102.258488,1
5.916179,115.32062,1
5.800129,177.098052,1
5.414976,152.084585,1
5.402749,143.356263,1
5.431988,163.955421,1
5.990126,146.305387,1
5.043711,172.847745,1
5.632255,129.834707,1
5.431563,140.916171,1
5.135664,190.86468,1
5.704862,77.51398,1
5.124971,128.975941,1
5.504268,107.53519,1
5.19701,199.52215,1
5.362363,90.045931,1
4.920781,95.31559,1
5.458744,120.622319,1
5.521303,148.824096,1
4.970638,178.268795,1
5.218496,150.571408,1
5.348774,199.486301,1
5.2731,151.215548,1
5.23205,173.243011,1
5.291251,114.704602,1
5.198867,106.656934,1
5.425139,193.87086,1
5.583136,131.754858,1
5.41391,133.986466,1
5.106599,91.329892,1
5.776717,125.222205,1
5.473774,83.180675,1
5.529489,142.546602,1
4.620919,106.82712,1
5.527836,116.258088,1
5.618375,174.877177,1
5.800433,162.730702,1
5.589856,119.705249,1
5.280425,151.024925,1
5.756358,222.953604,1
5.239472,100.482742,1
5.649507,143.93183,1
5.015081,167.303478,1
5.473423,180.95065,1
5.611891,89.783305,1
5.317217,144.276767,1
4.823846,182.836915,1
5.337234,106.603474,1
5.307188,118.122045,1
5.375955,127.440225,1
5.729898,141.189162,1
6.295506,134.334292,1
5.923855,128.452121,1
5.811342,92.30656,1
5.522152,150.562212,1
5.253987,175.197527,1
5.173532,158.503354,1
5.273881,154.90772,1
5.850113,164.380925,1
5.658298,167.870205,1
5.339237,112.017847,1
5.734664,127.09695,1
5.182578,184.078827,1
5.669643,163.510373,1
5.84,96.301315,1
5.626096,181.148204,1
5.393783,186.94836,1
5.632626,116.607493,1
5.678525,179.877057,1
4.629953,182.174188,1
5.736833,109.458275,1
5.45003,158.137716,1
5.566956,135.311681,1
5.135207,128.832116,1
5.379549,102.383547,1
5.005008,169.502466,1
5.314644,128.109698,1
5.032758,176.634406,1
5.813845,185.351406,1
5.291357,179.318017,1
5.493653,104.274034,1
5.240412,161.658034,1
5.557227,132.361908,1
5.707627,153.361017,1
5.530511,176.786375,1
5.359056,101.650036,1
5.707551,122.67911,1
5.781629,164.496727,1
5.774122,196.736921,1
5.043674,161.214391,1
5.843425,149.955479,1
5.345184,172.791511,1
5.441787,117.172248,1
5.332764,146.637796,1
5.352793,113.470265,1
5.34731,138.732269,1
6.177608,117.546529,1
5.555484,138.37931,1
5.602796,180.865569,1
5.78517,132.000039,1
5.479368,125.072669,1
4.890498,157.072775,1
5.744706,175.5983,1
5.242544,140.813028,1
5.456009,209.390787,1
5.588925,173.612843,1
4.587487,195.235788,1
5.565213,132.281127,1
5.592539,160.266089,1
5.298581,156.903313,1
5.606934,93.624081,1
5.045413,217.198009,1
5.046202,184.14853,1
5.209818,174.516329,1
5.12016,164.622567,1
4.998987,163.730306,1
5.095755,104.566096,1
5.919493,137.814159,1
5.493827,170.088836,1
5.241207,134.967693,1
6.169872,137.543491,1
5.765758,117.653899,1
5.813381,170.396971,1
5.084331,130.964264,1
5.349273,138.219341,1
5.044209,137.218309,1
5.402448,155.915116,1
5.215307,145.258521,1
5.374186,146.528723,1
5.563328,112.787438,1
5.335923,201.752267,1
5.382502,122.637136,1
5.44228,149.462808,1
5.157651,150.868314,1
5.528997,177.260765,1
5.368918,128.215492,1
5.360656,179.915027,1
5.138829,157.247015,1
5.33257,153.579183,1
5.685562,127.432783,1
5.366474,193.126725,1
5.431538,137.297672,1
5.643439,155.807134,1
5.585356,176.697423,1
5.26434,163.190009,1
5.235767,199.333179,1
5.447641,155.582986,1
5.70572,157.774483,1
5.409907,89.235321,1
5.113413,82.227411,1
5.3394,163.501308,1
5.036785,123.193448,1
4.864553,172.518123,1
5.48708,165.85398,1
5.309124,167.218388,1
5.982519,99.896252,1
5.232578,144.822105,1
5.683475,182.849308,1
5.597247,170.275622,1
5.558252,167.034513,1
5.184557,136.558212,1
5.269375,158.447273,1
5.386104,135.218205,1
5.323379,103.725408,1
5.474361,175.28128,1
5.421476,150.589313,1
5.61246,140.623443,1